%YAML:1.0
my_svm: !!opencv-ml-svm
   svm_type: C_SVC
   kernel: { type:LINEAR }
   C: 10.
   term_criteria: { epsilon:1.1920928955078125e-07, iterations:2147483647 }
   var_all: 80
   var_count: 80
   class_count: 10
   class_labels: !!opencv-matrix
      rows: 1
      cols: 10
      dt: i
      data: [ 0, 1, 2, 3, 4, 5, 6, 7, 8, 9 ]
   sv_total: 173
   support_vectors:
      - [ 20., 7., 7., 6., 8., 8., 20., 2., 20., 20., 20., 8., 8., 7.,
          7., 7., 16., 15., 15., 15., 0., 7., 7., 10., 8., 8., 0., 3.,
          0., 0., 0., 8., 11., 7., 12., 12., 16., 16., 16., 15., 20.,
          20., 7., 7., 20., 20., 3., 1., 4., 20., 3., 12., 14., 20., 20.,
          17., 16., 20., 20., 20., 0., 0., 7., 7., 0., 0., 3., 15., 15.,
          0., 3., 12., 15., 0., 0., 19., 18., 0., 0., 0. ]
      - [ 20., 20., 20., 20., 20., 20., 20., 4., 4., 4., 4., 5., 5., 0.,
          4., 4., 5., 14., 20., 20., 0., 0., 0., 0., 0., 0., 0., 4., 5.,
          5., 5., 13., 16., 15., 19., 17., 19., 14., 0., 0., 13., 20.,
          20., 20., 7., 8., 11., 14., 14., 14., 15., 14., 14., 11., 12.,
          13., 12., 14., 14., 14., 13., 0., 0., 0., 15., 16., 16., 15.,
          15., 16., 16., 15., 15., 15., 17., 14., 16., 16., 14., 16. ]
      - [ 4., 20., 4., 4., 3., 4., 4., 7., 6., 8., 7., 8., 8., 20., 9.,
          20., 19., 20., 19., 19., 5., 0., 6., 8., 8., 9., 9., 9., 9.,
          9., 9., 9., 8., 0., 9., 0., 19., 0., 19., 19., 20., 20., 20.,
          4., 0., 0., 2., 4., 3., 5., 20., 20., 20., 20., 20., 20., 20.,
          20., 20., 16., 0., 0., 0., 4., 6., 5., 8., 10., 12., 14., 0.,
          0., 0., 0., 0., 0., 0., 0., 0., 19. ]
      - [ 3., 2., 3., 2., 0., 4., 0., 20., 20., 1., 1., 4., 1., 1., 19.,
          19., 19., 19., 19., 19., 5., 5., 3., 4., 0., 4., 0., 0., 0.,
          1., 5., 5., 19., 19., 19., 19., 19., 19., 19., 19., 4., 9., 1.,
          0., 3., 0., 20., 20., 20., 20., 20., 20., 20., 20., 20., 20.,
          20., 20., 20., 12., 6., 13., 13., 12., 13., 13., 0., 0., 0.,
          0., 0., 0., 0., 0., 0., 0., 0., 0., 0., 19. ]
      - [ 20., 20., 2., 2., 2., 3., 3., 3., 3., 5., 20., 10., 20., 20.,
          20., 20., 20., 20., 20., 20., 0., 0., 2., 6., 7., 6., 3., 6.,
          11., 5., 0., 10., 0., 0., 0., 0., 0., 0., 0., 0., 20., 20., 2.,
          5., 3., 4., 3., 4., 20., 20., 11., 8., 20., 20., 20., 20., 20.,
          20., 20., 20., 0., 0., 4., 8., 8., 9., 7., 4., 0., 0., 11., 8.,
          0., 0., 0., 0., 0., 0., 0., 0. ]
      - [ 15., 15., 20., 20., 20., 20., 20., 20., 11., 15., 5., 6., 18.,
          2., 2., 3., 20., 20., 20., 20., 17., 17., 0., 0., 0., 0., 0.,
          0., 11., 16., 16., 16., 19., 3., 3., 4., 0., 0., 0., 0., 20.,
          20., 13., 13., 15., 10., 11., 20., 20., 20., 20., 8., 20., 20.,
          20., 0., 9., 0., 12., 12., 0., 0., 14., 15., 15., 10., 11., 0.,
          0., 0., 0., 8., 0., 0., 0., 10., 11., 1., 12., 12. ]
      - [ 7., 7., 6., 6., 7., 2., 4., 2., 5., 9., 6., 20., 6., 8., 20.,
          9., 11., 10., 20., 10., 8., 7., 8., 8., 8., 7., 19., 19., 19.,
          19., 6., 0., 6., 8., 0., 9., 11., 10., 0., 11., 20., 20., 5.,
          20., 5., 8., 2., 0., 0., 9., 17., 8., 20., 20., 20., 20., 20.,
          20., 20., 6., 0., 0., 7., 0., 6., 8., 12., 8., 13., 15., 19.,
          19., 0., 0., 0., 0., 0., 0., 0., 9. ]
      - [ 20., 7., 6., 6., 5., 5., 4., 3., 2., 2., 2., 2., 2., 2., 3.,
          20., 20., 20., 20., 20., 0., 7., 8., 8., 8., 8., 8., 8., 18.,
          19., 19., 19., 19., 19., 19., 0., 0., 0., 0., 0., 20., 20., 8.,
          7., 6., 4., 2., 1., 2., 8., 8., 8., 8., 8., 8., 8., 8., 8., 8.,
          9., 0., 0., 13., 14., 13., 14., 14., 13., 14., 13., 13., 13.,
          14., 14., 14., 14., 14., 14., 14., 14. ]
      - [ 20., 20., 20., 20., 7., 7., 7., 7., 6., 5., 5., 4., 4., 4., 4.,
          20., 20., 20., 20., 20., 0., 0., 0., 0., 9., 9., 9., 9., 9.,
          19., 19., 19., 19., 19., 19., 0., 0., 0., 0., 0., 20., 20.,
          20., 20., 11., 9., 8., 4., 4., 4., 11., 11., 9., 9., 9., 9.,
          9., 9., 9., 9., 0., 0., 0., 0., 14., 14., 14., 14., 14., 14.,
          14., 14., 14., 14., 14., 14., 14., 14., 14., 14. ]
      - [ 4., 4., 3., 2., 2., 1., 0., 0., 0., 1., 0., 16., 20., 20., 20.,
          20., 20., 20., 20., 20., 18., 6., 6., 5., 5., 10., 16., 17.,
          16., 18., 16., 16., 0., 0., 0., 0., 0., 0., 0., 0., 6., 5., 3.,
          2., 0., 0., 0., 5., 5., 5., 5., 6., 6., 6., 6., 6., 6., 0., 0.,
          20., 10., 10., 10., 10., 10., 10., 10., 10., 10., 10., 10.,
          10., 10., 10., 10., 10., 11., 9., 9., 0. ]
      - [ 20., 20., 4., 3., 3., 2., 2., 2., 1., 0., 0., 0., 0., 0., 20.,
          20., 20., 20., 20., 20., 0., 0., 6., 6., 6., 5., 5., 4., 16.,
          16., 16., 16., 16., 16., 0., 0., 0., 0., 0., 0., 9., 8., 5.,
          3., 2., 2., 2., 8., 9., 9., 8., 8., 8., 8., 9., 8., 8., 20.,
          20., 20., 13., 13., 13., 13., 13., 13., 13., 13., 13., 13.,
          13., 13., 13., 13., 13., 13., 13., 0., 0., 0. ]
      - [ 4., 3., 3., 2., 2., 2., 1., 0., 0., 0., 0., 0., 0., 20., 20.,
          20., 20., 20., 20., 20., 5., 5., 5., 5., 5., 4., 4., 7., 16.,
          16., 16., 16., 15., 0., 0., 0., 0., 0., 0., 0., 7., 6., 3., 1.,
          0., 0., 8., 7., 8., 8., 8., 8., 8., 8., 8., 8., 8., 20., 20.,
          20., 12., 12., 12., 12., 12., 12., 12., 12., 12., 12., 12.,
          12., 12., 12., 12., 12., 11., 0., 0., 0. ]
      - [ 20., 4., 4., 3., 3., 2., 2., 1., 0., 0., 0., 0., 0., 0., 0.,
          13., 20., 20., 20., 20., 0., 6., 6., 6., 6., 6., 6., 15., 16.,
          17., 17., 17., 17., 17., 16., 13., 0., 0., 0., 0., 8., 7., 5.,
          3., 1., 1., 1., 8., 8., 8., 8., 8., 8., 7., 7., 7., 8., 9.,
          20., 20., 14., 14., 14., 14., 13., 14., 13., 14., 14., 13.,
          14., 14., 14., 15., 14., 14., 14., 13., 0., 0. ]
      - [ 20., 7., 6., 6., 5., 5., 4., 4., 3., 2., 2., 2., 2., 2., 4.,
          20., 20., 20., 20., 20., 0., 9., 9., 9., 9., 8., 8., 8., 19.,
          19., 19., 19., 19., 19., 15., 0., 0., 0., 0., 0., 20., 20., 9.,
          8., 6., 4., 2., 1., 1., 1., 9., 8., 8., 8., 8., 8., 8., 8., 8.,
          8., 0., 0., 13., 13., 14., 13., 14., 14., 14., 14., 14., 13.,
          14., 14., 13., 14., 13., 13., 13., 13. ]
      - [ 20., 4., 3., 3., 2., 2., 2., 1., 0., 0., 0., 0., 0., 0., 0.,
          12., 20., 20., 20., 20., 0., 5., 6., 7., 6., 6., 5., 6., 16.,
          16., 16., 16., 16., 16., 16., 12., 0., 0., 0., 0., 8., 7., 4.,
          2., 1., 1., 2., 3., 8., 8., 8., 8., 8., 8., 8., 8., 8., 20.,
          20., 20., 14., 14., 14., 14., 14., 14., 14., 14., 14., 14.,
          14., 14., 15., 14., 14., 14., 14., 0., 0., 0. ]
      - [ 5., 5., 4., 4., 3., 2., 2., 1., 0., 1., 0., 1., 7., 20., 20.,
          20., 20., 20., 20., 20., 7., 18., 6., 19., 6., 18., 5., 14.,
          17., 17., 17., 18., 17., 0., 0., 0., 0., 0., 0., 0., 8., 7.,
          5., 4., 2., 0., 0., 0., 7., 7., 7., 7., 7., 7., 7., 8., 8., 8.,
          1., 3., 10., 11., 11., 11., 11., 11., 11., 12., 11., 11., 11.,
          11., 12., 12., 11., 12., 12., 12., 11., 3. ]
      - [ 20., 3., 2., 1., 1., 0., 0., 0., 0., 0., 0., 0., 0., 0., 1.,
          1., 2., 3., 14., 20., 0., 17., 17., 16., 17., 17., 17., 17.,
          17., 17., 17., 17., 17., 17., 16., 17., 16., 17., 16., 0., 5.,
          3., 2., 1., 1., 1., 12., 11., 10., 9., 8., 5., 4., 3., 2., 1.,
          1., 1., 20., 20., 13., 15., 16., 17., 17., 17., 17., 17., 16.,
          15., 13., 12., 11., 10., 18., 18., 18., 17., 0., 0. ]
      - [ 3., 2., 2., 1., 0., 0., 0., 0., 0., 0., 0., 0., 0., 0., 0., 1.,
          1., 2., 14., 20., 16., 16., 17., 16., 16., 16., 16., 16., 16.,
          16., 17., 16., 16., 16., 16., 16., 16., 16., 16., 0., 4., 3.,
          1., 0., 0., 13., 13., 11., 10., 8., 7., 5., 3., 3., 2., 1., 0.,
          2., 20., 20., 14., 16., 17., 17., 17., 17., 17., 16., 16., 14.,
          13., 11., 10., 9., 18., 18., 18., 10., 0., 0. ]
      - [ 20., 6., 5., 5., 4., 4., 4., 3., 3., 3., 3., 3., 3., 3., 3.,
          4., 5., 6., 7., 20., 0., 19., 19., 19., 19., 19., 19., 19.,
          19., 19., 19., 19., 19., 19., 19., 19., 19., 19., 7., 0., 20.,
          20., 20., 7., 4., 2., 1., 1., 3., 12., 11., 9., 7., 6., 4., 3.,
          2., 1., 1., 1., 0., 0., 0., 14., 15., 16., 17., 18., 17., 17.,
          16., 15., 14., 13., 11., 10., 10., 17., 17., 17. ]
      - [ 20., 20., 4., 4., 3., 2., 2., 2., 1., 1., 1., 1., 1., 1., 2.,
          2., 3., 3., 4., 20., 0., 0., 18., 18., 18., 18., 18., 18., 18.,
          18., 18., 18., 18., 18., 18., 18., 18., 18., 17., 0., 20., 8.,
          5., 4., 2., 2., 2., 14., 14., 12., 11., 9., 8., 5., 4., 2., 2.,
          2., 2., 20., 0., 13., 15., 17., 18., 18., 18., 17., 17., 15.,
          15., 14., 13., 10., 10., 10., 18., 18., 17., 0. ]
      - [ 20., 2., 1., 1., 0., 0., 0., 0., 0., 0., 0., 0., 0., 0., 0.,
          0., 1., 2., 14., 20., 0., 16., 16., 16., 16., 16., 16., 16.,
          16., 16., 16., 16., 16., 16., 16., 16., 16., 16., 16., 0., 4.,
          2., 1., 1., 1., 13., 11., 11., 9., 7., 6., 4., 3., 2., 1., 1.,
          1., 20., 20., 20., 15., 16., 17., 17., 17., 17., 16., 16., 15.,
          14., 12., 10., 9., 17., 18., 18., 18., 0., 0., 0. ]
      - [ 20., 3., 2., 1., 1., 0., 0., 0., 0., 0., 0., 0., 0., 0., 0.,
          1., 1., 2., 16., 19., 0., 17., 15., 16., 15., 16., 15., 16.,
          16., 15., 16., 15., 16., 15., 16., 15., 16., 15., 17., 19., 5.,
          3., 2., 1., 3., 13., 12., 11., 9., 7., 6., 4., 2., 2., 2., 1.,
          1., 1., 20., 19., 14., 16., 17., 17., 17., 17., 17., 16., 14.,
          14., 12., 10., 9., 17., 17., 17., 18., 18., 0., 19. ]
      - [ 5., 3., 3., 2., 1., 1., 1., 1., 1., 1., 1., 1., 1., 1., 1., 2.,
          2., 3., 4., 17., 17., 17., 17., 17., 18., 17., 17., 17., 17.,
          17., 17., 17., 17., 17., 17., 18., 17., 18., 17., 17., 20., 4.,
          3., 1., 1., 0., 2., 12., 12., 10., 8., 7., 5., 4., 2., 1., 0.,
          0., 4., 20., 0., 14., 16., 17., 18., 18., 18., 17., 16., 16.,
          15., 13., 11., 10., 8., 18., 18., 19., 17., 0. ]
      - [ 7., 5., 4., 4., 3., 3., 3., 3., 3., 3., 3., 2., 2., 3., 3., 3.,
          4., 4., 6., 20., 19., 19., 19., 19., 19., 19., 19., 19., 19.,
          19., 19., 19., 19., 19., 19., 19., 19., 19., 8., 0., 20., 20.,
          11., 4., 2., 1., 1., 0., 4., 12., 11., 10., 8., 6., 5., 3., 2.,
          1., 0., 0., 0., 0., 12., 15., 17., 17., 18., 18., 18., 17.,
          17., 16., 15., 13., 10., 9., 8., 17., 17., 17. ]
      - [ 2., 1., 0., 0., 0., 0., 0., 0., 0., 0., 0., 0., 0., 0., 0., 0.,
          0., 1., 13., 14., 16., 16., 16., 16., 16., 16., 16., 16., 16.,
          16., 16., 16., 16., 16., 16., 16., 16., 16., 16., 16., 2., 1.,
          0., 0., 13., 12., 11., 10., 8., 6., 5., 3., 2., 1., 1., 0., 0.,
          20., 20., 20., 16., 17., 17., 17., 17., 17., 17., 16., 15.,
          13., 12., 11., 9., 18., 19., 19., 19., 0., 0., 0. ]
      - [ 20., 3., 2., 2., 1., 1., 1., 1., 0., 1., 0., 1., 1., 1., 1.,
          1., 2., 3., 16., 20., 0., 17., 16., 17., 16., 16., 16., 16.,
          17., 16., 17., 16., 17., 16., 17., 16., 17., 16., 16., 0., 8.,
          4., 2., 1., 2., 4., 13., 12., 10., 9., 7., 5., 4., 3., 2., 1.,
          1., 1., 20., 20., 10., 15., 16., 17., 17., 17., 17., 16., 15.,
          14., 14., 11., 9., 9., 17., 17., 18., 16., 0., 0. ]
      - [ 14., 13., 1., 0., 0., 0., 0., 0., 0., 0., 0., 0., 0., 0., 0.,
          0., 0., 1., 4., 20., 15., 15., 15., 15., 15., 15., 15., 15.,
          15., 15., 15., 15., 15., 15., 15., 15., 15., 15., 15., 0., 3.,
          2., 2., 2., 13., 13., 12., 10., 8., 6., 5., 3., 3., 1., 0., 0.,
          20., 20., 20., 20., 16., 17., 17., 17., 18., 17., 16., 16.,
          14., 13., 11., 9., 8., 18., 18., 18., 0., 0., 0., 0. ]
      - [ 17., 15., 3., 3., 2., 2., 1., 1., 1., 1., 1., 1., 1., 1., 1.,
          2., 3., 2., 5., 20., 17., 17., 17., 17., 17., 17., 17., 17.,
          17., 17., 17., 17., 17., 17., 17., 17., 17., 17., 6., 0., 20.,
          6., 4., 2., 2., 2., 13., 12., 11., 10., 8., 6., 5., 3., 2., 1.,
          1., 0., 20., 20., 0., 14., 17., 17., 17., 18., 18., 17., 16.,
          15., 14., 13., 11., 9., 16., 17., 17., 17., 0., 0. ]
      - [ 15., 3., 2., 1., 0., 0., 0., 0., 0., 0., 0., 0., 0., 0., 0.,
          1., 1., 2., 4., 20., 16., 16., 16., 16., 16., 16., 16., 16.,
          16., 16., 16., 16., 16., 16., 16., 16., 16., 16., 16., 0., 4.,
          3., 2., 1., 1., 13., 12., 11., 9., 8., 6., 4., 3., 2., 1., 0.,
          0., 20., 20., 20., 14., 16., 17., 17., 18., 18., 17., 16., 15.,
          14., 13., 11., 9., 14., 18., 18., 18., 0., 0., 0. ]
      - [ 15., 2., 2., 1., 0., 0., 0., 0., 0., 0., 0., 0., 0., 0., 0.,
          0., 1., 2., 2., 3., 17., 17., 17., 17., 17., 17., 17., 17.,
          17., 17., 17., 17., 17., 17., 17., 17., 17., 17., 17., 17., 4.,
          3., 1., 1., 1., 2., 13., 12., 10., 9., 7., 6., 4., 2., 1., 0.,
          0., 0., 20., 20., 15., 16., 18., 19., 19., 18., 18., 17., 17.,
          15., 14., 12., 10., 9., 15., 18., 19., 19., 0., 0. ]
      - [ 20., 20., 7., 7., 6., 5., 5., 5., 5., 5., 5., 5., 5., 5., 5.,
          5., 7., 7., 20., 20., 0., 0., 19., 19., 19., 19., 19., 19.,
          19., 19., 19., 19., 19., 19., 19., 19., 19., 19., 0., 0., 20.,
          20., 20., 20., 20., 5., 4., 2., 14., 14., 14., 12., 11., 8.,
          6., 5., 4., 4., 2., 2., 0., 0., 0., 0., 0., 15., 15., 17., 17.,
          17., 17., 15., 15., 13., 10., 8., 8., 8., 15., 17. ]
      - [ 20., 6., 4., 3., 3., 2., 3., 2., 2., 2., 2., 2., 2., 2., 3.,
          3., 3., 4., 20., 17., 0., 18., 18., 18., 18., 17., 18., 17.,
          18., 18., 18., 18., 18., 18., 18., 18., 18., 18., 0., 17., 20.,
          20., 5., 3., 2., 2., 1., 14., 12., 12., 10., 8., 7., 5., 4.,
          2., 1., 1., 1., 20., 0., 0., 13., 16., 17., 17., 17., 17., 17.,
          16., 15., 14., 13., 11., 9., 7., 17., 19., 17., 0. ]
      - [ 20., 4., 2., 1., 1., 0., 0., 0., 0., 0., 0., 0., 0., 0., 0.,
          1., 2., 2., 14., 20., 0., 16., 16., 16., 16., 16., 16., 16.,
          17., 16., 17., 16., 16., 16., 16., 16., 16., 16., 15., 0., 5.,
          3., 2., 2., 1., 13., 12., 11., 9., 8., 6., 5., 4., 3., 1., 1.,
          1., 8., 20., 20., 14., 15., 17., 17., 17., 17., 16., 16., 15.,
          14., 13., 11., 9., 9., 18., 18., 17., 10., 0., 0. ]
      - [ 20., 5., 3., 3., 2., 2., 2., 2., 2., 2., 2., 2., 2., 2., 2.,
          3., 3., 4., 6., 20., 0., 18., 18., 18., 18., 18., 18., 18.,
          18., 18., 18., 18., 18., 18., 18., 18., 18., 18., 18., 0., 20.,
          20., 4., 2., 2., 1., 1., 13., 12., 11., 9., 8., 6., 5., 3., 2.,
          1., 1., 1., 20., 0., 0., 14., 16., 17., 17., 18., 18., 17.,
          16., 15., 13., 13., 11., 9., 16., 18., 18., 18., 0. ]
      - [ 14., 1., 0., 0., 0., 0., 0., 0., 0., 0., 0., 0., 0., 0., 0.,
          0., 0., 0., 1., 20., 15., 15., 15., 15., 15., 15., 15., 15.,
          15., 15., 15., 15., 15., 15., 15., 15., 15., 15., 15., 0., 2.,
          1., 1., 1., 13., 12., 11., 9., 7., 6., 4., 3., 2., 1., 0., 0.,
          20., 20., 20., 20., 17., 18., 18., 18., 17., 17., 16., 15.,
          14., 12., 11., 9., 8., 18., 18., 18., 0., 0., 0., 0. ]
      - [ 20., 2., 1., 1., 0., 0., 0., 0., 0., 0., 0., 0., 0., 0., 1.,
          1., 1., 2., 4., 20., 0., 16., 16., 16., 16., 16., 16., 17.,
          16., 16., 17., 17., 17., 17., 17., 17., 16., 16., 16., 0., 4.,
          2., 1., 1., 1., 12., 12., 11., 9., 7., 6., 5., 3., 2., 1., 1.,
          1., 7., 20., 20., 13., 16., 17., 17., 18., 17., 17., 16., 15.,
          14., 13., 11., 10., 10., 17., 18., 18., 15., 0., 0. ]
      - [ 12., 1., 0., 0., 0., 0., 0., 0., 0., 0., 0., 0., 0., 0., 0.,
          1., 2., 10., 20., 20., 13., 14., 14., 15., 15., 16., 16., 16.,
          16., 16., 16., 16., 15., 15., 15., 14., 13., 12., 0., 0., 2.,
          1., 1., 1., 11., 9., 7., 7., 9., 12., 12., 1., 0., 0., 1., 3.,
          5., 20., 20., 20., 14., 15., 16., 16., 15., 15., 13., 14., 16.,
          16., 17., 17., 17., 16., 15., 14., 11., 0., 0., 0. ]
      - [ 5., 4., 3., 3., 3., 2., 2., 2., 2., 2., 2., 2., 2., 2., 3., 3.,
          4., 5., 14., 20., 17., 18., 18., 18., 19., 19., 19., 19., 19.,
          19., 19., 19., 19., 19., 18., 18., 17., 17., 15., 0., 20., 20.,
          5., 2., 1., 0., 0., 2., 10., 8., 7., 7., 10., 12., 12., 0., 0.,
          0., 1., 4., 0., 0., 13., 15., 16., 17., 16., 17., 16., 15.,
          14., 16., 17., 17., 18., 18., 17., 17., 15., 13. ]
      - [ 12., 2., 1., 0., 0., 0., 0., 0., 0., 0., 0., 0., 0., 0., 0.,
          0., 2., 9., 20., 20., 14., 14., 15., 15., 16., 16., 16., 16.,
          16., 16., 16., 16., 15., 15., 15., 15., 14., 11., 0., 0., 3.,
          2., 1., 1., 12., 10., 8., 7., 7., 12., 12., 13., 0., 1., 0.,
          2., 4., 20., 20., 20., 15., 15., 16., 16., 16., 15., 14., 13.,
          15., 17., 17., 17., 16., 16., 16., 15., 11., 0., 0., 0. ]
      - [ 3., 1., 1., 0., 0., 0., 0., 0., 0., 0., 0., 0., 0., 0., 0., 1.,
          2., 10., 12., 20., 14., 15., 15., 16., 16., 16., 16., 16., 17.,
          17., 16., 16., 16., 16., 15., 15., 14., 13., 12., 0., 3., 1.,
          1., 0., 11., 10., 8., 7., 7., 11., 12., 13., 0., 0., 0., 1.,
          3., 8., 20., 20., 14., 15., 16., 16., 16., 15., 14., 13., 15.,
          16., 17., 17., 18., 17., 16., 15., 13., 9., 0., 0. ]
      - [ 3., 2., 1., 1., 0., 0., 0., 0., 0., 0., 0., 0., 0., 1., 1., 2.,
          9., 10., 20., 20., 13., 14., 15., 16., 16., 16., 17., 16., 17.,
          17., 17., 17., 16., 16., 15., 15., 14., 13., 0., 0., 4., 2.,
          1., 0., 0., 11., 8., 7., 7., 9., 12., 12., 1., 0., 1., 2., 3.,
          6., 20., 20., 12., 14., 15., 15., 15., 15., 14., 12., 14., 16.,
          17., 17., 17., 17., 16., 15., 13., 11., 0., 0. ]
      - [ 20., 14., 3., 3., 3., 2., 1., 1., 1., 1., 1., 1., 2., 2., 2.,
          3., 5., 5., 20., 20., 0., 15., 17., 17., 17., 18., 18., 18.,
          18., 18., 18., 18., 18., 18., 17., 17., 16., 16., 0., 0., 20.,
          6., 5., 2., 2., 2., 2., 11., 8., 8., 8., 12., 12., 12., 1., 1.,
          2., 2., 5., 20., 0., 11., 14., 15., 15., 17., 17., 15., 14.,
          14., 15., 15., 17., 17., 17., 17., 17., 15., 13., 0. ]
      - [ 20., 20., 4., 4., 3., 2., 2., 2., 1., 1., 1., 1., 2., 2., 2.,
          3., 5., 5., 13., 20., 0., 0., 17., 17., 18., 18., 19., 19.,
          19., 19., 19., 19., 19., 19., 18., 17., 16., 16., 14., 0., 20.,
          8., 5., 4., 2., 2., 2., 12., 9., 9., 9., 12., 12., 14., 2., 2.,
          2., 2., 4., 6., 0., 11., 14., 15., 15., 17., 17., 17., 15.,
          14., 14., 15., 17., 18., 18., 17., 17., 15., 14., 13. ]
      - [ 20., 5., 4., 4., 3., 3., 2., 2., 2., 2., 2., 2., 3., 3., 4.,
          5., 20., 20., 20., 20., 0., 16., 17., 17., 18., 18., 18., 18.,
          18., 18., 18., 18., 17., 17., 17., 16., 0., 0., 0., 0., 20.,
          20., 6., 4., 2., 1., 1., 11., 9., 8., 8., 11., 12., 12., 1.,
          1., 1., 2., 4., 20., 0., 0., 11., 13., 14., 15., 15., 14., 14.,
          13., 13., 14., 15., 15., 15., 15., 15., 14., 11., 0. ]
      - [ 20., 6., 5., 5., 4., 4., 4., 4., 3., 3., 3., 4., 4., 4., 4.,
          5., 14., 14., 20., 20., 0., 17., 18., 18., 19., 19., 19., 19.,
          19., 19., 19., 19., 19., 19., 18., 17., 15., 15., 0., 0., 20.,
          20., 20., 8., 4., 2., 1., 1., 11., 9., 8., 8., 8., 12., 12.,
          12., 1., 1., 2., 4., 0., 0., 0., 10., 14., 15., 15., 15., 15.,
          14., 13., 13., 14., 15., 17., 17., 15., 15., 14., 13. ]
      - [ 20., 14., 4., 4., 3., 2., 2., 2., 2., 2., 2., 2., 2., 2., 2.,
          4., 5., 5., 20., 20., 0., 15., 17., 17., 18., 18., 18., 18.,
          19., 19., 19., 18., 18., 18., 17., 16., 16., 16., 0., 0., 20.,
          20., 5., 4., 2., 2., 2., 11., 9., 8., 8., 12., 12., 14., 1.,
          1., 2., 2., 4., 8., 0., 0., 14., 14., 15., 17., 17., 15., 14.,
          14., 14., 15., 17., 17., 17., 17., 17., 14., 13., 10. ]
      - [ 20., 5., 4., 4., 3., 3., 3., 3., 3., 3., 3., 3., 4., 4., 4.,
          5., 13., 13., 20., 20., 0., 16., 17., 17., 18., 19., 19., 19.,
          19., 19., 19., 19., 18., 18., 17., 17., 15., 15., 0., 0., 20.,
          20., 20., 4., 2., 1., 1., 11., 11., 8., 8., 8., 12., 12., 12.,
          1., 1., 2., 4., 5., 0., 0., 0., 11., 14., 15., 15., 15., 14.,
          14., 13., 13., 15., 17., 17., 17., 15., 15., 13., 11. ]
      - [ 2., 1., 0., 0., 0., 0., 0., 0., 0., 0., 0., 0., 0., 0., 0., 1.,
          2., 9., 11., 20., 15., 14., 15., 15., 16., 16., 16., 16., 16.,
          16., 16., 16., 16., 15., 15., 14., 14., 13., 12., 0., 2., 1.,
          0., 0., 11., 10., 7., 7., 6., 12., 12., 1., 0., 0., 1., 0., 4.,
          20., 20., 20., 14., 15., 16., 16., 16., 15., 13., 14., 15.,
          17., 17., 18., 18., 17., 16., 14., 12., 0., 0., 0. ]
      - [ 2., 1., 0., 0., 0., 0., 0., 0., 0., 0., 0., 0., 0., 0., 0., 0.,
          1., 8., 20., 20., 13., 14., 15., 15., 15., 16., 16., 16., 16.,
          16., 16., 16., 15., 15., 15., 14., 14., 12., 0., 0., 2., 1.,
          0., 11., 11., 7., 7., 6., 11., 12., 12., 0., 0., 0., 1., 2.,
          5., 20., 20., 20., 15., 16., 16., 16., 15., 15., 13., 15., 17.,
          17., 17., 17., 17., 16., 16., 14., 11., 0., 0., 0. ]
      - [ 12., 2., 1., 0., 0., 0., 0., 0., 0., 0., 0., 0., 0., 0., 1.,
          1., 2., 10., 12., 20., 13., 15., 15., 15., 16., 16., 16., 16.,
          16., 16., 16., 16., 16., 16., 15., 15., 14., 13., 12., 0., 3.,
          2., 1., 1., 11., 10., 7., 7., 7., 11., 12., 13., 0., 0., 1.,
          1., 4., 20., 20., 20., 13., 15., 16., 16., 16., 15., 14., 12.,
          14., 16., 17., 17., 18., 17., 16., 15., 13., 0., 0., 0. ]
      - [ 3., 2., 1., 1., 0., 0., 0., 0., 0., 0., 0., 0., 0., 0., 1., 1.,
          2., 3., 11., 20., 15., 16., 16., 17., 17., 17., 17., 17., 17.,
          18., 17., 17., 17., 17., 17., 16., 16., 14., 13., 0., 4., 2.,
          1., 0., 0., 11., 9., 7., 7., 7., 11., 12., 12., 0., 0., 0., 1.,
          3., 9., 20., 13., 15., 16., 17., 17., 16., 16., 15., 15., 16.,
          17., 18., 18., 18., 17., 16., 16., 14., 9., 0. ]
      - [ 12., 3., 2., 1., 1., 0., 0., 0., 0., 0., 0., 0., 0., 1., 1.,
          2., 3., 10., 15., 20., 13., 16., 19., 16., 19., 16., 19., 17.,
          17., 17., 16., 17., 16., 16., 16., 19., 15., 13., 15., 0., 5.,
          3., 2., 1., 3., 12., 10., 8., 7., 7., 12., 12., 0., 0., 1., 1.,
          1., 7., 20., 2., 12., 14., 15., 16., 16., 15., 15., 14., 14.,
          16., 17., 17., 17., 17., 16., 18., 14., 11., 0., 15. ]
      - [ 12., 2., 1., 0., 0., 0., 0., 0., 0., 0., 0., 0., 0., 0., 1.,
          1., 3., 10., 12., 20., 13., 15., 15., 16., 16., 16., 17., 17.,
          17., 17., 17., 17., 16., 16., 16., 15., 15., 13., 12., 0., 3.,
          2., 1., 1., 3., 11., 8., 7., 7., 11., 12., 13., 0., 0., 1., 1.,
          3., 6., 20., 20., 13., 15., 15., 16., 16., 15., 15., 13., 15.,
          16., 17., 17., 18., 17., 16., 16., 14., 11., 0., 0. ]
      - [ 13., 2., 1., 1., 0., 0., 0., 0., 0., 0., 0., 0., 0., 0., 1.,
          2., 2., 4., 11., 20., 14., 15., 16., 16., 17., 17., 17., 17.,
          17., 17., 17., 17., 17., 17., 16., 16., 15., 14., 13., 0., 4.,
          2., 1., 1., 1., 11., 10., 7., 7., 10., 12., 13., 13., 0., 0.,
          1., 2., 4., 20., 20., 13., 14., 16., 16., 17., 15., 15., 14.,
          13., 15., 17., 18., 18., 18., 17., 16., 15., 13., 0., 0. ]
      - [ 14., 3., 3., 2., 1., 1., 1., 0., 1., 1., 1., 1., 1., 1., 2.,
          3., 3., 11., 20., 20., 14., 15., 16., 16., 17., 17., 17., 17.,
          17., 17., 17., 17., 17., 17., 16., 16., 15., 14., 0., 0., 7.,
          4., 3., 1., 1., 1., 10., 8., 7., 7., 9., 12., 12., 1., 0., 1.,
          2., 4., 20., 20., 7., 13., 14., 16., 16., 16., 16., 15., 15.,
          15., 16., 17., 17., 17., 17., 16., 15., 13., 0., 0. ]
      - [ 4., 2., 2., 1., 1., 1., 1., 1., 1., 1., 1., 1., 1., 1., 2., 2.,
          3., 5., 12., 20., 16., 16., 17., 17., 18., 18., 18., 18., 18.,
          18., 18., 18., 18., 17., 17., 17., 16., 15., 14., 0., 20., 3.,
          1., 1., 0., 0., 11., 8., 7., 7., 7., 12., 12., 3., 0., 0., 0.,
          2., 4., 20., 0., 13., 15., 16., 16., 17., 16., 15., 14., 14.,
          16., 17., 18., 18., 18., 17., 16., 15., 12., 0. ]
      - [ 10., 9., 8., 6., 5., 5., 3., 3., 2., 1., 0., 0., 0., 0., 0.,
          0., 10., 10., 10., 20., 13., 13., 13., 13., 13., 13., 13., 13.,
          13., 13., 13., 16., 16., 17., 16., 16., 16., 13., 13., 0., 10.,
          9., 8., 6., 6., 4., 3., 3., 2., 1., 0., 0., 0., 0., 11., 11.,
          11., 13., 20., 20., 15., 15., 15., 15., 15., 15., 15., 15.,
          15., 15., 18., 18., 18., 18., 15., 16., 16., 13., 0., 0. ]
      - [ 11., 10., 9., 8., 7., 6., 6., 4., 3., 2., 1., 1., 1., 1., 1.,
          1., 2., 12., 13., 20., 15., 15., 14., 15., 14., 14., 15., 15.,
          15., 17., 18., 18., 18., 18., 18., 18., 15., 15., 14., 0., 20.,
          10., 9., 8., 7., 7., 5., 4., 3., 2., 1., 0., 0., 0., 0., 0.,
          10., 9., 10., 20., 0., 15., 16., 16., 15., 15., 15., 15., 15.,
          15., 15., 15., 17., 18., 18., 17., 15., 15., 15., 0. ]
      - [ 11., 10., 9., 9., 7., 7., 6., 4., 3., 2., 2., 1., 1., 1., 1.,
          1., 2., 13., 13., 20., 15., 15., 15., 15., 15., 15., 15., 15.,
          16., 17., 19., 19., 19., 19., 19., 18., 17., 15., 15., 0., 20.,
          11., 9., 8., 7., 7., 6., 4., 4., 2., 1., 0., 0., 0., 0., 0.,
          8., 9., 10., 10., 0., 15., 16., 15., 15., 15., 15., 15., 15.,
          15., 15., 15., 16., 18., 18., 18., 16., 16., 15., 14. ]
      - [ 9., 8., 6., 6., 5., 4., 3., 2., 1., 0., 0., 0., 0., 0., 0., 0.,
          10., 10., 10., 20., 12., 12., 12., 12., 12., 12., 12., 12.,
          12., 12., 14., 16., 16., 16., 16., 16., 12., 12., 12., 0., 9.,
          8., 7., 6., 5., 4., 2., 2., 1., 0., 0., 0., 0., 10., 10., 11.,
          11., 20., 20., 20., 15., 15., 15., 14., 15., 15., 15., 15.,
          15., 15., 18., 18., 18., 15., 15., 15., 15., 0., 0., 0. ]
      - [ 10., 9., 8., 7., 6., 5., 4., 3., 2., 1., 0., 0., 0., 0., 0.,
          0., 11., 11., 11., 11., 13., 13., 13., 13., 13., 13., 13., 13.,
          14., 14., 17., 17., 17., 17., 17., 17., 14., 14., 13., 13.,
          10., 9., 8., 7., 6., 5., 4., 3., 2., 1., 0., 0., 0., 0., 8.,
          10., 10., 10., 20., 20., 15., 15., 15., 15., 15., 15., 15.,
          15., 15., 15., 15., 19., 19., 19., 17., 15., 15., 15., 0., 0. ]
      - [ 12., 10., 11., 0., 8., 0., 6., 0., 4., 3., 3., 2., 2., 2., 2.,
          3., 0., 12., 13., 20., 15., 19., 15., 18., 15., 14., 14., 14.,
          14., 14., 16., 17., 17., 17., 18., 15., 14., 14., 14., 0., 3.,
          20., 11., 9., 8., 8., 6., 5., 4., 3., 1., 1., 0., 0., 0., 0.,
          10., 11., 1., 1., 16., 0., 14., 15., 15., 15., 15., 14., 14.,
          14., 14., 14., 17., 18., 18., 15., 14., 14., 14., 1. ]
      - [ 20., 13., 12., 11., 11., 10., 9., 8., 7., 6., 5., 4., 3., 3.,
          3., 3., 4., 13., 14., 14., 0., 15., 16., 16., 16., 16., 16.,
          16., 16., 16., 16., 19., 19., 19., 19., 19., 19., 16., 16.,
          15., 20., 20., 20., 12., 11., 10., 9., 8., 7., 6., 5., 3., 2.,
          1., 1., 1., 2., 11., 11., 11., 0., 0., 0., 15., 16., 16., 16.,
          16., 16., 16., 16., 16., 16., 17., 19., 19., 18., 16., 16.,
          16. ]
      - [ 10., 9., 7., 7., 6., 4., 3., 2., 1., 0., 0., 0., 0., 0., 0.,
          0., 11., 11., 11., 12., 14., 14., 14., 14., 14., 14., 14., 14.,
          14., 14., 14., 17., 18., 17., 18., 18., 18., 14., 14., 14., 9.,
          8., 7., 6., 5., 5., 4., 2., 2., 1., 0., 0., 0., 0., 0., 11.,
          11., 11., 12., 20., 15., 15., 15., 15., 15., 15., 15., 15.,
          15., 15., 15., 18., 19., 19., 19., 16., 16., 16., 16., 0. ]
      - [ 20., 13., 13., 13., 11., 10., 8., 8., 7., 7., 7., 5., 5., 5.,
          5., 14., 14., 14., 20., 20., 0., 16., 16., 16., 16., 16., 16.,
          16., 16., 17., 17., 19., 19., 19., 19., 17., 16., 16., 0., 0.,
          20., 20., 20., 20., 20., 11., 11., 8., 6., 6., 5., 4., 4., 1.,
          1., 1., 1., 9., 11., 11., 0., 0., 0., 0., 0., 14., 14., 14.,
          14., 14., 14., 14., 14., 14., 17., 17., 17., 15., 14., 14. ]
      - [ 13., 11., 10., 10., 8., 7., 6., 6., 5., 3., 3., 2., 2., 2., 2.,
          13., 13., 13., 20., 20., 14., 14., 14., 14., 14., 14., 14.,
          14., 14., 15., 15., 18., 18., 18., 18., 15., 14., 14., 0., 0.,
          20., 20., 11., 9., 9., 8., 6., 5., 4., 4., 2., 1., 1., 0., 0.,
          9., 11., 11., 11., 20., 0., 0., 14., 14., 14., 14., 14., 14.,
          14., 14., 14., 14., 14., 17., 17., 15., 14., 14., 14., 0. ]
      - [ 9., 8., 7., 6., 5., 4., 3., 2., 2., 1., 0., 0., 0., 0., 0., 4.,
          10., 10., 10., 20., 12., 12., 12., 12., 12., 12., 12., 12.,
          12., 12., 13., 16., 16., 16., 16., 16., 12., 12., 12., 0., 10.,
          9., 7., 6., 5., 4., 3., 2., 1., 0., 0., 0., 0., 10., 11., 11.,
          11., 20., 20., 20., 14., 14., 14., 14., 15., 15., 14., 14.,
          14., 15., 18., 18., 18., 15., 15., 15., 15., 0., 0., 0. ]
      - [ 9., 8., 7., 6., 5., 4., 3., 2., 2., 0., 0., 0., 0., 0., 0., 0.,
          10., 10., 10., 20., 12., 12., 12., 12., 12., 12., 12., 12.,
          12., 12., 15., 16., 16., 16., 15., 15., 12., 12., 12., 0., 9.,
          9., 7., 6., 5., 4., 3., 2., 1., 0., 0., 0., 0., 10., 10., 10.,
          11., 20., 20., 20., 15., 14., 15., 14., 14., 14., 14., 15.,
          15., 15., 18., 18., 18., 15., 15., 15., 13., 0., 0., 0. ]
      - [ 9., 8., 7., 6., 5., 4., 3., 2., 1., 0., 0., 0., 0., 0., 0., 0.,
          10., 10., 10., 10., 12., 12., 12., 12., 12., 12., 12., 12.,
          12., 13., 12., 16., 16., 16., 16., 16., 16., 12., 12., 13., 9.,
          8., 7., 6., 5., 4., 3., 2., 1., 0., 0., 0., 0., 9., 11., 11.,
          11., 20., 20., 20., 15., 15., 15., 15., 15., 15., 15., 15.,
          15., 15., 19., 19., 19., 19., 15., 16., 16., 0., 0., 0. ]
      - [ 11., 10., 9., 8., 7., 6., 6., 4., 3., 2., 1., 1., 1., 1., 1.,
          1., 2., 12., 12., 20., 15., 14., 14., 14., 14., 15., 14., 14.,
          15., 15., 18., 18., 18., 18., 18., 18., 15., 15., 14., 0., 20.,
          10., 9., 8., 7., 7., 5., 4., 3., 2., 1., 0., 0., 0., 0., 0.,
          10., 10., 10., 20., 0., 15., 16., 15., 15., 15., 15., 15., 15.,
          15., 15., 15., 18., 18., 18., 17., 15., 15., 15., 0. ]
      - [ 8., 8., 6., 6., 5., 4., 2., 2., 1., 0., 0., 0., 0., 0., 0., 0.,
          10., 10., 10., 10., 12., 12., 12., 12., 12., 12., 12., 12.,
          12., 12., 15., 16., 16., 16., 16., 16., 12., 12., 12., 12., 9.,
          8., 6., 6., 5., 4., 2., 2., 0., 0., 0., 0., 0., 10., 11., 10.,
          11., 20., 20., 20., 15., 15., 15., 15., 15., 15., 15., 15.,
          15., 15., 19., 19., 19., 15., 15., 15., 15., 0., 0., 0. ]
      - [ 10., 9., 8., 7., 6., 5., 4., 3., 2., 1., 1., 0., 0., 0., 0.,
          6., 10., 11., 10., 20., 12., 12., 12., 12., 13., 18., 12., 12.,
          13., 12., 13., 16., 16., 16., 16., 16., 12., 12., 12., 0., 11.,
          9., 8., 7., 6., 5., 4., 3., 2., 1., 0., 0., 0., 4., 11., 11.,
          11., 20., 5., 20., 14., 14., 14., 14., 14., 14., 15., 15., 15.,
          15., 18., 18., 18., 15., 15., 15., 15., 0., 5., 0. ]
      - [ 20., 13., 11., 11., 10., 8., 7., 7., 6., 4., 4., 3., 2., 2.,
          2., 2., 13., 13., 13., 20., 0., 14., 14., 14., 14., 14., 14.,
          14., 14., 14., 14., 18., 18., 18., 18., 17., 14., 14., 14., 0.,
          20., 20., 12., 11., 9., 9., 8., 6., 5., 5., 4., 2., 2., 1., 1.,
          11., 11., 11., 11., 20., 0., 0., 15., 15., 15., 15., 15., 15.,
          15., 15., 15., 15., 15., 18., 18., 15., 15., 15., 14., 0. ]
      - [ 20., 11., 10., 10., 8., 7., 6., 6., 5., 3., 3., 1., 1., 1., 1.,
          2., 12., 12., 13., 20., 0., 13., 13., 13., 13., 13., 13., 13.,
          14., 14., 14., 17., 17., 17., 17., 14., 14., 14., 13., 0., 20.,
          11., 11., 9., 9., 8., 6., 5., 4., 4., 2., 1., 1., 1., 8., 11.,
          11., 11., 20., 20., 0., 14., 15., 15., 15., 15., 15., 15., 14.,
          14., 14., 14., 17., 18., 17., 14., 14., 14., 0., 0. ]
      - [ 9., 8., 7., 6., 5., 4., 3., 2., 1., 0., 0., 0., 0., 0., 0., 0.,
          10., 10., 10., 20., 12., 13., 13., 13., 13., 12., 13., 13.,
          13., 14., 16., 16., 16., 16., 16., 15., 13., 13., 12., 0., 9.,
          8., 7., 6., 5., 4., 3., 2., 1., 0., 0., 0., 0., 1., 9., 10.,
          10., 20., 20., 20., 15., 15., 15., 15., 15., 15., 15., 15.,
          15., 15., 18., 18., 18., 17., 15., 15., 14., 0., 0., 0. ]
      - [ 20., 20., 15., 15., 5., 3., 2., 2., 2., 2., 2., 2., 2., 2., 2.,
          2., 2., 2., 3., 20., 0., 0., 16., 16., 17., 18., 18., 18., 19.,
          19., 19., 19., 18., 18., 18., 18., 17., 17., 15., 0., 20., 20.,
          6., 5., 5., 4., 4., 4., 4., 4., 4., 15., 15., 15., 15., 2., 2.,
          4., 5., 8., 0., 0., 17., 18., 18., 8., 8., 10., 15., 17., 17.,
          18., 18., 18., 18., 18., 17., 17., 15., 11. ]
      - [ 20., 0., 9., 0., 4., 0., 0., 0., 0., 0., 0., 0., 0., 0., 0.,
          0., 0., 0., 0., 0., 0., 16., 17., 18., 18., 19., 19., 19., 19.,
          19., 19., 19., 19., 19., 19., 18., 18., 16., 0., 0., 1., 20.,
          20., 20., 4., 4., 3., 3., 3., 2., 2., 2., 2., 13., 13., 13.,
          1., 2., 3., 5., 19., 0., 0., 0., 16., 16., 16., 7., 7., 12.,
          14., 16., 17., 17., 17., 17., 17., 16., 16., 14. ]
      - [ 20., 2., 5., 1., 1., 0., 0., 0., 0., 1., 0., 1., 0., 1., 0.,
          1., 0., 9., 10., 20., 0., 13., 14., 15., 15., 16., 16., 17.,
          16., 17., 16., 17., 16., 16., 16., 15., 15., 14., 12., 0., 5.,
          3., 1., 3., 3., 2., 2., 2., 2., 3., 13., 14., 2., 1., 2., 3.,
          5., 7., 20., 20., 16., 16., 16., 16., 7., 7., 13., 16., 16.,
          17., 18., 18., 18., 17., 17., 16., 14., 11., 0., 0. ]
      - [ 20., 7., 1., 0., 0., 0., 0., 0., 0., 0., 0., 0., 0., 0., 0.,
          0., 0., 0., 8., 9., 0., 13., 15., 15., 16., 16., 16., 16., 16.,
          16., 16., 17., 16., 16., 16., 15., 15., 14., 13., 11., 3., 2.,
          2., 2., 2., 2., 2., 1., 1., 13., 14., 14., 1., 1., 2., 2., 4.,
          11., 20., 20., 17., 16., 16., 6., 6., 13., 16., 17., 18., 19.,
          19., 19., 18., 18., 17., 16., 14., 11., 0., 0. ]
      - [ 20., 12., 4., 1., 0., 0., 0., 0., 0., 0., 0., 0., 0., 0., 0.,
          0., 0., 0., 8., 20., 0., 13., 14., 14., 15., 15., 16., 16.,
          16., 16., 16., 16., 16., 16., 15., 15., 14., 13., 13., 0., 4.,
          3., 3., 3., 2., 2., 2., 2., 3., 13., 13., 4., 1., 1., 2., 4.,
          6., 20., 20., 20., 17., 17., 7., 7., 7., 14., 16., 17., 18.,
          18., 18., 18., 18., 18., 16., 15., 13., 0., 0., 0. ]
      - [ 20., 12., 4., 1., 0., 0., 0., 0., 0., 0., 0., 0., 0., 0., 0.,
          0., 0., 0., 8., 10., 0., 13., 14., 15., 15., 15., 16., 16.,
          16., 16., 16., 16., 16., 16., 15., 15., 14., 14., 13., 11., 4.,
          3., 3., 3., 2., 2., 2., 2., 3., 13., 13., 4., 1., 1., 2., 3.,
          6., 20., 20., 20., 17., 17., 8., 7., 7., 14., 16., 17., 18.,
          18., 19., 19., 18., 18., 17., 15., 13., 0., 0., 0. ]
      - [ 16., 10., 6., 4., 3., 2., 2., 2., 2., 2., 2., 2., 2., 2., 2.,
          2., 2., 2., 3., 14., 16., 17., 18., 18., 19., 19., 19., 19.,
          19., 19., 19., 19., 19., 19., 18., 18., 18., 17., 16., 14.,
          20., 20., 5., 4., 3., 3., 2., 2., 2., 2., 1., 1., 13., 13.,
          13., 1., 0., 1., 2., 4., 0., 0., 17., 18., 18., 17., 8., 8.,
          13., 15., 17., 18., 18., 18., 19., 18., 18., 17., 16., 13. ]
      - [ 13., 7., 4., 0., 0., 0., 0., 0., 0., 0., 0., 0., 0., 0., 0.,
          0., 0., 0., 8., 20., 13., 14., 15., 15., 16., 16., 16., 17.,
          16., 17., 16., 17., 16., 16., 16., 15., 15., 14., 12., 0., 3.,
          3., 3., 3., 2., 2., 2., 1., 1., 13., 13., 13., 1., 0., 1., 2.,
          4., 7., 20., 20., 17., 17., 17., 7., 7., 13., 15., 16., 18.,
          18., 18., 18., 18., 17., 17., 16., 14., 11., 0., 0. ]
      - [ 0., 0., 0., 0., 0., 0., 0., 0., 0., 0., 4., 4., 0., 0., 4., 4.,
          12., 15., 0., 0., 0., 17., 18., 19., 19., 19., 19., 19., 19.,
          19., 19., 19., 19., 19., 19., 18., 17., 16., 0., 0., 0., 20.,
          20., 20., 3., 3., 3., 2., 2., 2., 1., 1., 1., 12., 12., 12.,
          1., 1., 2., 3., 19., 0., 0., 0., 15., 15., 15., 6., 6., 11.,
          14., 15., 16., 16., 16., 17., 17., 16., 15., 14. ]
      - [ 20., 14., 7., 4., 2., 1., 1., 1., 1., 1., 1., 1., 1., 1., 1.,
          1., 1., 1., 1., 20., 0., 14., 16., 16., 17., 17., 17., 17.,
          17., 17., 17., 17., 17., 17., 17., 16., 16., 15., 13., 0., 20.,
          5., 4., 4., 3., 3., 3., 2., 2., 2., 13., 13., 13., 2., 1., 2.,
          2., 4., 20., 20., 0., 18., 18., 18., 17., 7., 11., 15., 16.,
          17., 18., 18., 18., 18., 17., 17., 16., 14., 0., 0. ]
      - [ 20., 14., 7., 3., 2., 2., 2., 2., 2., 2., 2., 2., 2., 2., 2.,
          2., 2., 2., 12., 20., 0., 15., 16., 17., 17., 17., 18., 18.,
          18., 18., 18., 18., 18., 18., 17., 17., 16., 16., 14., 0., 20.,
          20., 4., 3., 3., 3., 3., 2., 2., 2., 2., 12., 13., 13., 1., 1.,
          2., 3., 6., 20., 0., 0., 17., 17., 17., 16., 8., 13., 15., 16.,
          17., 17., 18., 18., 18., 17., 17., 15., 13., 0. ]
      - [ 20., 15., 6., 2., 2., 2., 2., 2., 2., 2., 2., 2., 2., 2., 2.,
          2., 2., 2., 12., 20., 0., 16., 16., 17., 18., 18., 18., 18.,
          18., 19., 18., 18., 18., 18., 18., 17., 16., 16., 14., 0., 20.,
          20., 3., 3., 3., 3., 2., 2., 2., 2., 2., 4., 13., 13., 2., 1.,
          1., 3., 4., 9., 0., 0., 17., 17., 17., 16., 8., 10., 15., 16.,
          17., 17., 18., 18., 18., 17., 17., 15., 14., 9. ]
      - [ 14., 8., 5., 2., 1., 1., 1., 1., 1., 1., 1., 1., 1., 1., 1.,
          1., 1., 1., 10., 20., 15., 15., 16., 16., 17., 17., 17., 18.,
          18., 18., 18., 18., 17., 17., 17., 16., 16., 15., 13., 0., 20.,
          4., 3., 3., 3., 2., 2., 2., 1., 1., 4., 13., 13., 1., 0., 0.,
          2., 4., 7., 20., 0., 17., 17., 17., 7., 7., 11., 14., 16., 17.,
          18., 18., 18., 18., 17., 17., 16., 14., 11., 0. ]
      - [ 20., 20., 16., 16., 6., 4., 4., 4., 4., 4., 4., 4., 4., 4., 4.,
          4., 4., 4., 13., 20., 0., 0., 17., 17., 18., 19., 19., 19.,
          19., 19., 19., 19., 19., 19., 19., 18., 17., 17., 15., 0., 20.,
          20., 20., 20., 5., 5., 4., 4., 4., 4., 4., 4., 4., 14., 14.,
          14., 2., 2., 4., 5., 0., 0., 0., 0., 17., 17., 17., 7., 7.,
          14., 15., 17., 17., 18., 18., 18., 17., 17., 15., 14. ]
      - [ 20., 20., 10., 10., 5., 4., 4., 4., 4., 4., 4., 4., 4., 4., 4.,
          4., 4., 4., 20., 20., 0., 0., 17., 17., 18., 19., 19., 19.,
          19., 19., 19., 19., 19., 19., 19., 18., 16., 16., 0., 0., 20.,
          20., 20., 20., 5., 4., 4., 4., 4., 4., 2., 2., 2., 14., 14.,
          14., 2., 2., 4., 5., 0., 0., 0., 0., 17., 17., 15., 7., 7.,
          13., 15., 15., 17., 17., 17., 17., 17., 15., 15., 14. ]
      - [ 13., 13., 5., 0., 0., 0., 0., 0., 0., 0., 0., 0., 0., 0., 0.,
          0., 0., 0., 8., 10., 13., 14., 15., 15., 16., 16., 16., 16.,
          17., 17., 17., 17., 16., 17., 17., 16., 15., 14., 14., 13., 3.,
          3., 3., 3., 3., 2., 2., 2., 2., 4., 14., 14., 4., 0., 1., 2.,
          4., 8., 20., 20., 17., 17., 17., 6., 6., 11., 15., 17., 18.,
          18., 19., 19., 19., 19., 18., 16., 15., 14., 0., 0. ]
      - [ 16., 8., 5., 3., 3., 3., 3., 3., 3., 3., 3., 3., 3., 3., 3.,
          3., 3., 12., 20., 20., 16., 17., 18., 18., 19., 19., 19., 19.,
          19., 19., 19., 19., 19., 19., 19., 18., 18., 17., 0., 0., 20.,
          20., 20., 3., 3., 2., 2., 2., 1., 1., 1., 1., 2., 13., 13., 4.,
          0., 1., 2., 4., 0., 0., 0., 16., 16., 16., 15., 6., 5., 13.,
          15., 16., 17., 17., 17., 17., 17., 17., 16., 14. ]
      - [ 20., 13., 1., 4., 1., 2., 1., 2., 1., 2., 1., 2., 1., 1., 1.,
          1., 2., 1., 12., 20., 0., 13., 15., 16., 16., 16., 19., 17.,
          19., 17., 19., 17., 17., 17., 16., 16., 15., 14., 14., 0., 20.,
          2., 4., 4., 3., 3., 3., 3., 2., 2., 13., 13., 14., 1., 2., 2.,
          3., 6., 6., 6., 0., 17., 17., 17., 7., 7., 11., 14., 16., 17.,
          17., 17., 18., 18., 18., 16., 15., 13., 10., 10. ]
      - [ 8., 4., 3., 3., 3., 3., 3., 3., 3., 3., 3., 3., 3., 3., 3., 3.,
          12., 20., 20., 20., 17., 18., 18., 19., 19., 19., 19., 19.,
          19., 19., 19., 19., 18., 18., 18., 17., 15., 0., 0., 0., 20.,
          20., 20., 2., 1., 1., 1., 1., 0., 0., 0., 0., 11., 12., 12.,
          0., 0., 0., 1., 3., 0., 0., 0., 15., 15., 15., 5., 5., 8., 13.,
          14., 15., 16., 16., 16., 16., 15., 15., 14., 11. ]
      - [ 20., 8., 5., 1., 1., 1., 1., 1., 1., 1., 1., 1., 1., 1., 1.,
          1., 1., 2., 2., 20., 0., 15., 16., 16., 17., 17., 17., 17.,
          17., 18., 18., 17., 17., 17., 17., 16., 16., 15., 12., 0., 20.,
          3., 3., 3., 3., 2., 2., 2., 1., 2., 4., 12., 13., 2., 1., 1.,
          2., 4., 9., 20., 0., 16., 18., 17., 17., 8., 12., 14., 16.,
          17., 18., 18., 18., 17., 17., 17., 16., 14., 10., 0. ]
      - [ 20., 8., 6., 2., 1., 1., 1., 1., 1., 1., 1., 1., 1., 1., 1.,
          1., 1., 1., 2., 13., 0., 16., 17., 17., 18., 18., 18., 18.,
          18., 18., 18., 18., 18., 18., 18., 17., 17., 16., 15., 13.,
          20., 4., 3., 3., 3., 3., 2., 2., 1., 1., 2., 13., 13., 13., 1.,
          1., 1., 2., 4., 20., 0., 17., 18., 17., 17., 8., 8., 13., 16.,
          17., 18., 18., 18., 19., 18., 18., 17., 16., 14., 0. ]
      - [ 13., 8., 6., 1., 0., 0., 0., 0., 0., 0., 0., 0., 0., 0., 0.,
          0., 0., 0., 9., 11., 13., 14., 14., 16., 16., 16., 16., 17.,
          17., 17., 16., 17., 19., 16., 16., 16., 15., 15., 13., 11., 4.,
          3., 3., 3., 3., 3., 2., 2., 1., 13., 13., 14., 4., 0., 1., 3.,
          3., 7., 20., 12., 17., 17., 17., 7., 6., 11., 15., 16., 17.,
          18., 18., 19., 18., 18., 17., 17., 15., 11., 0., 12. ]
      - [ 20., 20., 7., 7., 4., 2., 2., 2., 2., 2., 2., 2., 2., 2., 2.,
          2., 2., 2., 12., 20., 0., 0., 16., 16., 17., 18., 18., 18.,
          18., 18., 18., 18., 18., 18., 18., 17., 16., 16., 14., 0., 20.,
          20., 5., 5., 4., 4., 4., 2., 2., 2., 2., 14., 14., 14., 2., 2.,
          2., 4., 5., 20., 0., 0., 17., 17., 17., 17., 8., 11., 14., 15.,
          17., 17., 18., 18., 18., 17., 17., 15., 14., 0. ]
      - [ 20., 12., 5., 1., 0., 0., 0., 0., 0., 0., 0., 0., 0., 0., 0.,
          0., 0., 0., 8., 9., 0., 13., 14., 15., 15., 16., 16., 16., 16.,
          16., 16., 16., 16., 16., 16., 15., 15., 14., 13., 12., 4., 3.,
          3., 3., 3., 2., 2., 2., 3., 13., 14., 14., 1., 1., 2., 3., 5.,
          20., 20., 20., 17., 17., 8., 7., 7., 14., 16., 17., 18., 19.,
          19., 19., 19., 18., 17., 16., 14., 0., 0., 0. ]
      - [ 20., 7., 4., 2., 1., 1., 0., 0., 0., 0., 0., 0., 0., 0., 0.,
          0., 1., 1., 2., 10., 0., 10., 13., 15., 15., 16., 16., 17.,
          17., 17., 17., 17., 17., 17., 16., 16., 16., 15., 14., 12., 6.,
          4., 3., 3., 2., 2., 2., 1., 1., 1., 1., 2., 2., 2., 3., 3., 5.,
          7., 20., 20., 15., 17., 18., 18., 7., 7., 15., 16., 18., 18.,
          19., 19., 19., 18., 18., 17., 16., 13., 0., 0. ]
      - [ 7., 5., 3., 2., 2., 1., 0., 0., 0., 0., 0., 0., 0., 0., 0., 0.,
          1., 1., 2., 10., 10., 11., 14., 15., 16., 16., 16., 17., 17.,
          17., 17., 17., 17., 17., 17., 17., 16., 16., 15., 14., 6., 5.,
          3., 2., 2., 1., 1., 0., 0., 0., 0., 1., 2., 2., 2., 3., 4., 7.,
          20., 20., 15., 17., 18., 18., 7., 7., 14., 16., 18., 18., 19.,
          19., 19., 19., 19., 18., 17., 15., 0., 0. ]
      - [ 20., 8., 4., 3., 1., 0., 0., 0., 0., 0., 0., 0., 0., 0., 0.,
          0., 0., 1., 2., 10., 0., 9., 12., 13., 14., 15., 15., 15., 16.,
          16., 16., 16., 16., 15., 15., 15., 15., 14., 13., 11., 5., 4.,
          4., 3., 2., 2., 2., 2., 1., 1., 2., 2., 2., 3., 4., 5., 8.,
          20., 20., 20., 16., 17., 18., 16., 6., 12., 16., 17., 18., 18.,
          19., 19., 18., 18., 17., 16., 12., 0., 0., 0. ]
      - [ 20., 5., 2., 1., 0., 0., 0., 0., 0., 0., 0., 0., 0., 0., 0.,
          0., 0., 0., 1., 2., 0., 12., 14., 15., 15., 16., 16., 16., 17.,
          17., 17., 17., 17., 16., 17., 16., 16., 15., 14., 14., 4., 3.,
          2., 2., 2., 1., 1., 1., 1., 1., 1., 1., 1., 2., 2., 3., 5., 8.,
          20., 20., 17., 18., 19., 6., 6., 13., 16., 18., 18., 19., 19.,
          19., 19., 19., 19., 17., 16., 14., 0., 0. ]
      - [ 20., 6., 3., 1., 1., 0., 0., 0., 0., 0., 0., 0., 0., 0., 0.,
          0., 0., 0., 2., 10., 0., 8., 12., 13., 14., 15., 15., 15., 15.,
          16., 16., 16., 16., 16., 15., 15., 15., 15., 13., 11., 5., 3.,
          3., 2., 2., 2., 1., 1., 1., 2., 2., 2., 2., 3., 4., 5., 9.,
          20., 20., 20., 17., 17., 18., 7., 6., 15., 16., 18., 18., 18.,
          19., 19., 18., 18., 17., 17., 13., 0., 0., 0. ]
      - [ 20., 9., 5., 4., 3., 3., 2., 1., 1., 1., 1., 1., 1., 1., 2.,
          2., 2., 3., 4., 20., 0., 10., 14., 15., 16., 17., 17., 17.,
          18., 18., 18., 18., 17., 17., 17., 17., 16., 16., 15., 0., 20.,
          7., 6., 4., 3., 2., 2., 2., 2., 1., 1., 2., 2., 2., 2., 3., 4.,
          5., 8., 20., 0., 13., 16., 17., 18., 17., 7., 13., 15., 17.,
          18., 18., 18., 18., 18., 18., 17., 15., 11., 0. ]
      - [ 20., 20., 20., 20., 6., 4., 3., 3., 3., 2., 2., 2., 2., 2., 2.,
          2., 3., 3., 4., 12., 0., 0., 0., 0., 15., 16., 18., 18., 18.,
          18., 18., 19., 19., 19., 18., 18., 18., 18., 16., 15., 20.,
          20., 9., 6., 5., 5., 4., 4., 4., 4., 4., 4., 4., 4., 4., 4.,
          5., 6., 6., 11., 0., 0., 15., 17., 18., 18., 18., 8., 15., 17.,
          18., 18., 19., 19., 19., 19., 18., 17., 17., 13. ]
      - [ 20., 20., 20., 20., 7., 5., 4., 4., 3., 3., 3., 2., 2., 2., 2.,
          3., 3., 3., 4., 12., 0., 0., 0., 0., 13., 16., 17., 17., 18.,
          18., 18., 18., 18., 18., 18., 18., 17., 17., 16., 14., 20.,
          20., 11., 8., 6., 5., 5., 4., 4., 4., 4., 4., 4., 4., 5., 5.,
          5., 6., 8., 20., 0., 0., 14., 17., 18., 18., 18., 8., 14., 17.,
          18., 18., 19., 19., 19., 18., 18., 17., 15., 0. ]
      - [ 20., 6., 4., 2., 2., 1., 0., 0., 0., 0., 0., 0., 0., 0., 0.,
          0., 1., 2., 9., 9., 0., 9., 12., 14., 15., 15., 16., 16., 16.,
          16., 16., 16., 16., 16., 16., 16., 15., 15., 14., 12., 6., 5.,
          3., 3., 2., 2., 1., 1., 1., 1., 2., 2., 2., 3., 3., 4., 6.,
          20., 20., 20., 15., 16., 17., 17., 14., 7., 14., 16., 17., 19.,
          19., 19., 19., 18., 18., 17., 15., 0., 0., 0. ]
      - [ 20., 6., 3., 2., 1., 0., 0., 0., 0., 0., 0., 0., 0., 0., 0.,
          0., 0., 1., 2., 11., 0., 10., 13., 14., 15., 16., 16., 16.,
          16., 16., 17., 16., 16., 16., 16., 16., 15., 14., 14., 11., 5.,
          4., 3., 2., 2., 2., 1., 1., 1., 1., 1., 2., 2., 2., 3., 4., 5.,
          10., 20., 20., 16., 17., 18., 17., 6., 12., 15., 17., 18., 18.,
          18., 19., 18., 18., 18., 16., 15., 10., 0., 0. ]
      - [ 20., 9., 6., 4., 3., 2., 2., 1., 1., 1., 1., 1., 1., 1., 1.,
          1., 2., 2., 3., 12., 0., 9., 14., 15., 16., 16., 17., 17., 17.,
          17., 17., 17., 17., 17., 17., 17., 16., 15., 14., 12., 20., 7.,
          5., 4., 3., 3., 2., 2., 2., 1., 2., 2., 2., 2., 2., 3., 4., 6.,
          20., 20., 0., 15., 17., 18., 18., 14., 7., 14., 16., 17., 18.,
          18., 19., 18., 18., 17., 16., 15., 0., 0. ]
      - [ 10., 7., 4., 3., 2., 2., 1., 1., 1., 1., 0., 0., 0., 1., 1.,
          1., 1., 2., 2., 4., 11., 14., 16., 17., 17., 18., 18., 18.,
          18., 18., 19., 19., 18., 18., 18., 18., 17., 17., 16., 15.,
          10., 6., 4., 3., 2., 2., 2., 1., 1., 1., 0., 0., 1., 1., 1.,
          2., 2., 3., 5., 10., 12., 16., 18., 18., 19., 16., 6., 13.,
          16., 17., 18., 19., 19., 19., 19., 19., 18., 17., 15., 11. ]
      - [ 20., 8., 3., 2., 1., 0., 0., 0., 0., 0., 0., 0., 0., 0., 0.,
          0., 0., 1., 8., 10., 0., 9., 12., 13., 14., 15., 15., 16., 16.,
          16., 16., 16., 16., 16., 16., 16., 15., 15., 14., 11., 5., 4.,
          3., 2., 2., 2., 2., 2., 1., 1., 2., 2., 2., 3., 4., 5., 7.,
          20., 20., 20., 16., 17., 17., 16., 6., 12., 16., 17., 18., 18.,
          19., 19., 18., 18., 18., 17., 15., 0., 0., 0. ]
      - [ 20., 8., 4., 4., 3., 2., 1., 1., 1., 1., 0., 1., 0., 1., 1.,
          1., 0., 2., 4., 20., 0., 9., 13., 14., 15., 15., 16., 16., 17.,
          16., 17., 16., 17., 16., 16., 16., 16., 15., 14., 0., 10., 6.,
          5., 4., 2., 2., 2., 2., 1., 1., 2., 2., 2., 2., 3., 4., 6., 8.,
          20., 20., 16., 15., 17., 17., 18., 7., 11., 16., 16., 18., 18.,
          18., 18., 18., 18., 17., 16., 12., 0., 0. ]
      - [ 20., 6., 2., 1., 0., 0., 0., 0., 0., 0., 0., 0., 0., 0., 0.,
          0., 0., 0., 1., 8., 0., 9., 12., 13., 14., 14., 15., 15., 16.,
          16., 16., 16., 16., 16., 15., 15., 15., 14., 13., 12., 4., 3.,
          2., 2., 2., 2., 1., 1., 1., 1., 2., 2., 2., 3., 4., 6., 8.,
          20., 20., 20., 17., 18., 18., 7., 11., 15., 17., 18., 19., 19.,
          19., 19., 19., 18., 17., 16., 13., 0., 0., 0. ]
      - [ 20., 8., 4., 3., 2., 1., 1., 0., 0., 0., 0., 0., 0., 1., 0.,
          1., 1., 2., 9., 11., 0., 9., 12., 14., 14., 15., 15., 16., 16.,
          16., 16., 16., 16., 16., 16., 15., 15., 14., 13., 12., 7., 5.,
          4., 3., 2., 2., 2., 2., 1., 1., 2., 2., 2., 3., 3., 5., 7.,
          20., 20., 20., 14., 16., 17., 17., 7., 6., 14., 16., 17., 18.,
          18., 19., 19., 18., 17., 16., 14., 0., 0., 0. ]
      - [ 20., 8., 5., 4., 3., 2., 2., 2., 1., 1., 1., 1., 1., 1., 1.,
          2., 2., 2., 3., 11., 0., 13., 15., 16., 17., 17., 18., 18.,
          18., 19., 19., 19., 18., 18., 18., 18., 17., 17., 16., 15.,
          20., 8., 5., 4., 3., 2., 2., 2., 1., 1., 1., 1., 1., 1., 2.,
          2., 3., 4., 6., 9., 0., 14., 17., 18., 18., 18., 7., 11., 15.,
          17., 18., 19., 19., 19., 19., 19., 18., 17., 15., 11. ]
      - [ 20., 20., 2., 2., 2., 2., 2., 2., 2., 2., 2., 2., 2., 2., 2.,
          2., 2., 2., 2., 20., 0., 0., 4., 4., 4., 18., 18., 17., 17.,
          17., 14., 12., 10., 9., 7., 7., 6., 5., 4., 0., 20., 20., 2.,
          2., 2., 12., 11., 11., 10., 8., 8., 8., 6., 6., 5., 5., 5., 5.,
          5., 20., 0., 0., 18., 18., 18., 17., 16., 15., 13., 13., 12.,
          11., 11., 10., 10., 9., 9., 9., 6., 0. ]
      - [ 4., 3., 3., 2., 3., 2., 2., 2., 2., 2., 2., 2., 3., 2., 2., 2.,
          2., 2., 2., 3., 4., 5., 6., 5., 19., 19., 19., 19., 19., 19.,
          16., 13., 12., 11., 9., 9., 7., 6., 5., 5., 20., 20., 3., 1.,
          0., 1., 2., 10., 10., 9., 8., 8., 7., 6., 6., 5., 4., 4., 4.,
          4., 0., 0., 18., 19., 19., 19., 17., 16., 15., 15., 13., 13.,
          12., 11., 10., 10., 10., 9., 9., 9. ]
      - [ 20., 0., 0., 0., 0., 0., 0., 0., 0., 0., 0., 0., 0., 0., 0.,
          0., 0., 0., 0., 20., 0., 2., 2., 2., 2., 16., 17., 17., 16.,
          17., 15., 11., 8., 7., 5., 17., 14., 3., 2., 0., 1., 1., 1.,
          13., 11., 11., 10., 9., 8., 8., 7., 7., 6., 5., 5., 5., 5., 6.,
          20., 20., 18., 18., 18., 17., 15., 15., 13., 13., 12., 11.,
          11., 11., 10., 10., 16., 10., 9., 15., 0., 0. ]
      - [ 20., 3., 3., 3., 3., 3., 3., 3., 3., 3., 3., 3., 3., 3., 3.,
          3., 3., 3., 3., 20., 0., 6., 6., 6., 6., 19., 19., 19., 19.,
          19., 18., 14., 12., 10., 9., 8., 7., 6., 5., 0., 20., 20., 20.,
          1., 1., 1., 1., 11., 10., 10., 9., 8., 7., 7., 6., 6., 6., 5.,
          5., 5., 0., 0., 0., 18., 18., 18., 17., 16., 15., 14., 13.,
          12., 12., 11., 11., 10., 10., 10., 10., 9. ]
      - [ 20., 20., 5., 5., 4., 4., 4., 4., 4., 4., 4., 4., 4., 4., 4.,
          4., 4., 4., 4., 5., 0., 0., 6., 6., 6., 19., 19., 19., 19.,
          19., 19., 17., 12., 12., 11., 9., 7., 7., 6., 6., 20., 20.,
          20., 20., 4., 2., 2., 11., 11., 11., 11., 11., 9., 8., 8., 8.,
          6., 6., 6., 5., 0., 0., 0., 0., 18., 19., 19., 17., 15., 15.,
          14., 14., 13., 11., 11., 11., 11., 11., 10., 10. ]
      - [ 20., 3., 3., 3., 2., 2., 2., 2., 2., 2., 2., 2., 2., 2., 2.,
          2., 2., 2., 2., 3., 0., 5., 5., 5., 19., 19., 19., 19., 19.,
          19., 18., 14., 12., 10., 9., 8., 7., 6., 5., 4., 20., 20., 4.,
          1., 1., 1., 6., 10., 9., 8., 8., 7., 7., 6., 6., 5., 4., 4.,
          4., 4., 0., 0., 18., 19., 19., 18., 17., 16., 15., 14., 13.,
          12., 12., 11., 11., 10., 10., 10., 10., 9. ]
      - [ 20., 1., 1., 1., 1., 1., 1., 1., 1., 1., 1., 1., 2., 1., 1.,
          1., 1., 1., 1., 3., 0., 4., 4., 4., 18., 18., 18., 18., 18.,
          18., 18., 15., 11., 9., 8., 7., 6., 5., 4., 3., 20., 1., 1.,
          1., 1., 10., 10., 9., 8., 8., 7., 6., 6., 5., 5., 4., 4., 4.,
          4., 20., 0., 18., 18., 19., 18., 17., 16., 15., 14., 13., 12.,
          12., 11., 11., 11., 11., 10., 10., 10., 0. ]
      - [ 20., 1., 1., 1., 1., 1., 1., 1., 1., 0., 0., 0., 0., 1., 0.,
          1., 0., 1., 1., 20., 0., 2., 3., 3., 16., 16., 16., 16., 16.,
          16., 14., 11., 9., 7., 6., 5., 4., 3., 3., 0., 9., 1., 1., 2.,
          11., 11., 10., 9., 8., 7., 7., 6., 6., 5., 5., 5., 4., 20.,
          20., 20., 16., 18., 18., 18., 16., 15., 14., 13., 12., 12.,
          11., 11., 10., 10., 10., 9., 9., 0., 0., 0. ]
      - [ 20., 20., 1., 1., 1., 1., 1., 1., 1., 1., 1., 1., 1., 1., 1.,
          1., 1., 1., 1., 20., 0., 0., 3., 3., 3., 17., 17., 17., 18.,
          18., 18., 14., 10., 10., 8., 6., 5., 5., 4., 0., 20., 2., 2.,
          2., 12., 12., 12., 11., 11., 9., 8., 8., 8., 6., 6., 5., 5.,
          5., 8., 20., 0., 18., 18., 18., 18., 17., 15., 14., 14., 13.,
          13., 11., 11., 11., 11., 10., 10., 10., 10., 0. ]
      - [ 4., 3., 4., 3., 4., 3., 4., 3., 3., 3., 4., 3., 4., 3., 3., 3.,
          4., 20., 20., 20., 5., 6., 5., 6., 19., 19., 19., 19., 18.,
          15., 12., 11., 9., 8., 7., 6., 5., 0., 0., 0., 20., 20., 20.,
          1., 0., 0., 1., 10., 10., 8., 8., 7., 6., 5., 5., 4., 4., 4.,
          4., 4., 0., 0., 0., 15., 16., 16., 15., 14., 13., 12., 11.,
          11., 10., 9., 9., 9., 8., 8., 8., 7. ]
      - [ 1., 0., 0., 0., 0., 0., 0., 0., 0., 0., 0., 0., 0., 0., 0., 0.,
          0., 0., 0., 0., 1., 3., 3., 16., 17., 17., 18., 17., 18., 18.,
          17., 14., 10., 8., 7., 6., 5., 4., 3., 2., 1., 0., 1., 1., 11.,
          10., 10., 9., 8., 7., 7., 6., 5., 4., 4., 4., 3., 4., 6., 20.,
          19., 19., 19., 18., 17., 16., 15., 14., 13., 12., 12., 11.,
          11., 10., 11., 10., 10., 10., 9., 0. ]
      - [ 20., 0., 0., 0., 0., 0., 0., 0., 0., 0., 0., 0., 0., 0., 0.,
          0., 0., 0., 0., 20., 0., 2., 2., 2., 2., 17., 16., 17., 17.,
          17., 15., 12., 8., 7., 6., 5., 4., 3., 2., 0., 1., 1., 1., 12.,
          12., 11., 9., 9., 8., 8., 7., 7., 6., 5., 6., 5., 5., 5., 20.,
          20., 18., 18., 18., 17., 16., 15., 14., 13., 12., 11., 11.,
          11., 11., 10., 10., 10., 9., 9., 0., 0. ]
      - [ 20., 20., 20., 20., 1., 1., 1., 1., 1., 1., 1., 1., 1., 1., 1.,
          1., 1., 1., 1., 1., 0., 0., 0., 0., 3., 3., 16., 17., 17., 17.,
          17., 17., 15., 12., 10., 8., 7., 6., 5., 4., 20., 4., 4., 4.,
          14., 13., 12., 12., 10., 10., 9., 9., 8., 8., 7., 7., 6., 7.,
          20., 20., 0., 19., 19., 19., 19., 18., 17., 16., 15., 14., 14.,
          13., 13., 12., 12., 12., 11., 11., 0., 0. ]
      - [ 20., 0., 0., 0., 0., 0., 0., 0., 0., 0., 0., 0., 0., 0., 0.,
          0., 0., 0., 0., 20., 0., 2., 2., 2., 2., 16., 16., 16., 16.,
          16., 15., 10., 9., 7., 5., 5., 4., 3., 2., 0., 1., 1., 1., 7.,
          11., 11., 10., 9., 8., 8., 7., 6., 6., 5., 5., 5., 5., 20.,
          20., 20., 18., 18., 18., 17., 16., 15., 13., 13., 12., 12.,
          11., 10., 10., 10., 10., 10., 9., 0., 0., 0. ]
      - [ 2., 1., 1., 1., 1., 1., 1., 1., 1., 0., 0., 0., 0., 0., 1., 1.,
          1., 1., 1., 20., 2., 3., 3., 4., 17., 18., 18., 18., 18., 18.,
          18., 17., 11., 9., 7., 6., 6., 4., 3., 0., 9., 1., 0., 1., 3.,
          11., 10., 9., 9., 8., 7., 6., 6., 5., 5., 4., 4., 4., 5., 20.,
          13., 18., 18., 18., 17., 16., 16., 14., 13., 13., 12., 12.,
          11., 11., 11., 11., 11., 11., 10., 0. ]
      - [ 20., 1., 1., 1., 0., 1., 1., 1., 0., 0., 0., 0., 0., 0., 0.,
          0., 0., 1., 1., 20., 0., 3., 3., 3., 17., 17., 17., 17., 17.,
          17., 17., 13., 10., 9., 7., 6., 5., 4., 3., 0., 4., 1., 1., 1.,
          7., 10., 9., 9., 8., 7., 7., 6., 6., 5., 4., 4., 4., 4., 20.,
          20., 16., 18., 18., 18., 17., 16., 15., 14., 13., 13., 12.,
          11., 11., 11., 10., 10., 10., 10., 0., 0. ]
      - [ 20., 0., 0., 0., 0., 0., 0., 0., 0., 0., 0., 0., 0., 0., 0.,
          0., 0., 0., 0., 20., 0., 2., 16., 2., 16., 17., 17., 16., 17.,
          16., 15., 11., 8., 7., 6., 4., 3., 3., 2., 0., 1., 1., 1., 12.,
          11., 10., 9., 9., 8., 7., 6., 6., 5., 5., 5., 4., 2., 5., 20.,
          20., 18., 18., 18., 17., 15., 14., 14., 13., 12., 11., 11.,
          11., 10., 10., 10., 10., 9., 8., 0., 0. ]
      - [ 2., 2., 2., 2., 2., 2., 2., 2., 2., 2., 2., 2., 2., 2., 2., 2.,
          2., 2., 20., 20., 4., 4., 4., 4., 18., 18., 18., 18., 18., 18.,
          12., 10., 9., 7., 6., 5., 4., 3., 0., 0., 20., 20., 0., 0., 0.,
          9., 10., 9., 8., 7., 7., 6., 6., 5., 4., 4., 4., 4., 4., 20.,
          0., 0., 17., 17., 16., 15., 14., 13., 12., 12., 11., 10., 10.,
          9., 9., 9., 9., 9., 9., 0. ]
      - [ 20., 0., 0., 0., 0., 0., 0., 0., 0., 0., 0., 0., 0., 0., 0.,
          1., 0., 0., 0., 20., 0., 3., 3., 3., 3., 17., 17., 17., 17.,
          17., 14., 10., 9., 8., 19., 17., 4., 3., 2., 0., 1., 1., 1.,
          1., 11., 10., 10., 9., 8., 7., 7., 6., 6., 6., 5., 5., 5., 5.,
          20., 14., 18., 18., 18., 17., 16., 15., 14., 13., 13., 12.,
          11., 10., 10., 10., 10., 9., 9., 15., 0., 14. ]
      - [ 20., 5., 4., 4., 4., 4., 4., 4., 4., 4., 4., 4., 4., 4., 4.,
          4., 4., 4., 5., 20., 0., 5., 6., 6., 6., 19., 19., 19., 19.,
          19., 15., 16., 11., 17., 8., 7., 6., 5., 5., 0., 20., 20., 20.,
          20., 2., 1., 2., 11., 11., 10., 8., 8., 7., 6., 6., 5., 5., 5.,
          5., 5., 0., 0., 0., 0., 17., 18., 16., 15., 14., 13., 12., 12.,
          11., 10., 10., 10., 11., 13., 9., 9. ]
      - [ 11., 10., 2., 1., 0., 0., 0., 0., 0., 0., 0., 0., 0., 0., 0.,
          0., 0., 1., 9., 20., 12., 13., 14., 15., 15., 16., 16., 16.,
          16., 16., 16., 16., 16., 16., 16., 15., 15., 15., 13., 0., 4.,
          3., 2., 2., 2., 2., 4., 5., 3., 2., 1., 0., 0., 1., 2., 3., 5.,
          20., 20., 20., 16., 17., 17., 17., 17., 17., 15., 15., 17.,
          18., 18., 18., 18., 18., 17., 17., 14., 0., 0., 0. ]
      - [ 20., 20., 20., 20., 4., 3., 2., 2., 2., 2., 2., 2., 2., 2., 2.,
          2., 3., 3., 5., 20., 0., 0., 0., 0., 16., 17., 17., 17., 18.,
          18., 18., 18., 18., 18., 18., 17., 17., 17., 15., 0., 20., 20.,
          6., 5., 4., 4., 4., 5., 5., 5., 5., 4., 4., 4., 4., 4., 4., 5.,
          8., 20., 0., 0., 15., 17., 17., 18., 18., 17., 15., 15., 15.,
          17., 18., 18., 18., 18., 17., 17., 14., 0. ]
      - [ 20., 4., 3., 3., 3., 2., 2., 2., 1., 1., 1., 1., 2., 2., 3.,
          4., 5., 5., 20., 20., 0., 9., 17., 17., 18., 18., 18., 18.,
          18., 18., 18., 18., 17., 17., 17., 16., 13., 13., 0., 0., 20.,
          8., 5., 2., 1., 1., 1., 1., 1., 1., 2., 2., 5., 14., 12., 2.,
          2., 2., 4., 20., 0., 11., 13., 14., 15., 17., 17., 17., 17.,
          17., 17., 17., 17., 17., 15., 15., 15., 14., 11., 0. ]
      - [ 15., 5., 3., 2., 2., 1., 1., 1., 1., 1., 1., 1., 1., 1., 1.,
          2., 2., 2., 3., 13., 15., 16., 17., 17., 17., 18., 18., 18.,
          18., 19., 19., 19., 18., 18., 18., 18., 17., 16., 16., 13.,
          20., 5., 3., 2., 2., 1., 2., 2., 3., 4., 3., 1., 1., 1., 1.,
          0., 1., 2., 5., 9., 0., 14., 17., 18., 18., 18., 18., 17., 16.,
          15., 17., 18., 18., 19., 18., 18., 18., 16., 15., 11. ]
      - [ 20., 20., 5., 5., 3., 2., 2., 2., 1., 1., 1., 1., 2., 2., 2.,
          2., 3., 3., 5., 20., 0., 0., 16., 16., 17., 18., 18., 18., 19.,
          19., 19., 19., 18., 18., 18., 17., 17., 17., 15., 0., 20., 8.,
          5., 4., 4., 2., 2., 4., 4., 5., 5., 4., 4., 2., 2., 2., 2., 4.,
          5., 8., 0., 11., 15., 17., 17., 18., 18., 17., 17., 15., 15.,
          15., 18., 18., 18., 18., 17., 17., 14., 11. ]
      - [ 13., 5., 3., 2., 2., 2., 1., 1., 1., 1., 1., 1., 1., 1., 1.,
          2., 2., 2., 4., 13., 15., 16., 17., 18., 18., 19., 19., 19.,
          19., 19., 19., 19., 19., 19., 18., 18., 18., 17., 16., 15.,
          20., 6., 3., 2., 2., 1., 2., 2., 3., 4., 4., 2., 1., 0., 0.,
          0., 1., 2., 3., 5., 0., 14., 17., 17., 18., 18., 18., 17., 17.,
          16., 16., 18., 18., 19., 19., 19., 18., 17., 16., 13. ]
      - [ 20., 12., 3., 2., 1., 1., 0., 1., 0., 0., 0., 0., 0., 1., 1.,
          1., 2., 4., 11., 20., 0., 13., 14., 15., 16., 16., 17., 17.,
          17., 17., 17., 17., 17., 17., 17., 16., 16., 15., 14., 0., 6.,
          4., 3., 2., 2., 2., 3., 3., 4., 4., 2., 2., 1., 1., 2., 3., 4.,
          6., 20., 20., 12., 15., 16., 16., 17., 17., 16., 15., 14., 16.,
          17., 18., 18., 18., 18., 17., 16., 14., 0., 0. ]
      - [ 20., 11., 3., 2., 1., 1., 1., 1., 0., 0., 0., 0., 0., 1., 1.,
          1., 2., 2., 3., 20., 0., 16., 16., 17., 18., 18., 18., 18.,
          18., 18., 18., 18., 18., 18., 18., 17., 17., 16., 15., 0., 8.,
          4., 3., 2., 2., 2., 2., 3., 4., 4., 3., 1., 1., 1., 1., 1., 1.,
          3., 4., 20., 12., 15., 17., 18., 18., 18., 17., 17., 15., 16.,
          17., 18., 18., 18., 18., 18., 17., 16., 14., 0. ]
      - [ 20., 10., 2., 1., 0., 0., 0., 0., 0., 0., 0., 0., 0., 0., 0.,
          0., 0., 1., 3., 11., 0., 14., 15., 16., 16., 16., 16., 17.,
          17., 17., 17., 17., 17., 16., 16., 16., 15., 14., 14., 12., 4.,
          3., 2., 2., 2., 2., 3., 5., 4., 2., 1., 1., 1., 1., 1., 2., 3.,
          7., 20., 20., 16., 17., 17., 18., 18., 16., 16., 15., 16., 18.,
          18., 19., 19., 18., 18., 16., 15., 12., 0., 0. ]
      - [ 11., 11., 3., 1., 1., 0., 0., 0., 0., 0., 0., 0., 0., 0., 0.,
          0., 0., 2., 10., 20., 11., 14., 14., 16., 16., 16., 16., 16.,
          17., 16., 16., 16., 16., 16., 16., 16., 15., 14., 14., 0., 5.,
          3., 3., 2., 2., 2., 4., 4., 3., 2., 2., 0., 1., 1., 1., 3., 3.,
          8., 20., 20., 16., 16., 17., 17., 17., 17., 16., 14., 15., 17.,
          18., 18., 18., 18., 18., 16., 15., 8., 0., 0. ]
      - [ 20., 3., 1., 0., 0., 0., 0., 0., 0., 0., 0., 0., 0., 0., 0.,
          0., 1., 1., 9., 10., 0., 13., 14., 15., 15., 15., 16., 16.,
          16., 16., 16., 16., 16., 16., 16., 15., 15., 14., 14., 12., 3.,
          2., 2., 1., 2., 3., 4., 4., 2., 1., 1., 1., 1., 1., 2., 3., 6.,
          20., 20., 20., 15., 17., 17., 17., 17., 16., 15., 15., 17.,
          18., 19., 19., 19., 18., 18., 16., 14., 0., 0., 0. ]
      - [ 20., 10., 3., 2., 1., 1., 0., 0., 0., 0., 0., 0., 0., 0., 1.,
          1., 2., 4., 10., 13., 0., 10., 14., 14., 15., 16., 16., 16.,
          16., 16., 16., 16., 17., 16., 16., 15., 15., 15., 13., 13., 6.,
          4., 3., 2., 2., 2., 3., 4., 4., 3., 1., 2., 2., 2., 2., 4., 5.,
          12., 20., 20., 13., 15., 16., 16., 17., 17., 16., 15., 14.,
          16., 18., 18., 18., 19., 17., 17., 14., 12., 0., 0. ]
      - [ 20., 11., 3., 2., 1., 1., 0., 0., 0., 0., 0., 0., 0., 1., 0.,
          1., 2., 2., 10., 20., 0., 11., 14., 15., 15., 15., 16., 19.,
          16., 16., 16., 19., 16., 16., 16., 15., 15., 14., 13., 0., 6.,
          4., 3., 2., 2., 3., 3., 5., 4., 3., 2., 1., 2., 2., 2., 3., 6.,
          20., 20., 7., 14., 15., 17., 17., 17., 17., 16., 14., 15., 17.,
          18., 18., 18., 18., 17., 16., 14., 0., 0., 11. ]
      - [ 20., 11., 3., 1., 1., 0., 0., 0., 0., 0., 0., 0., 0., 0., 0.,
          0., 1., 2., 9., 20., 0., 12., 13., 15., 15., 15., 15., 16.,
          16., 16., 15., 16., 15., 16., 15., 15., 14., 14., 13., 0., 5.,
          3., 3., 2., 2., 3., 4., 5., 3., 2., 2., 1., 1., 2., 3., 3., 7.,
          20., 20., 20., 15., 16., 17., 17., 17., 16., 15., 15., 17.,
          18., 18., 18., 18., 18., 17., 15., 13., 0., 0., 0. ]
      - [ 20., 20., 5., 5., 4., 3., 2., 2., 2., 2., 2., 2., 2., 2., 2.,
          3., 4., 4., 13., 20., 0., 0., 16., 16., 17., 18., 18., 18.,
          18., 19., 19., 19., 18., 18., 18., 17., 16., 16., 14., 0., 20.,
          20., 6., 5., 4., 2., 2., 4., 4., 5., 5., 4., 2., 2., 2., 2.,
          2., 4., 5., 9., 0., 0., 14., 15., 17., 17., 17., 17., 15., 15.,
          15., 17., 17., 18., 18., 17., 17., 15., 14., 11. ]
      - [ 20., 11., 3., 2., 1., 0., 0., 0., 0., 0., 0., 0., 0., 0., 0.,
          1., 1., 2., 10., 20., 0., 13., 13., 15., 15., 16., 16., 16.,
          16., 16., 16., 16., 16., 16., 16., 16., 15., 14., 14., 0., 5.,
          4., 3., 2., 2., 2., 4., 5., 4., 3., 2., 1., 2., 1., 3., 3., 5.,
          20., 20., 20., 14., 16., 17., 17., 17., 17., 16., 15., 15.,
          17., 18., 18., 18., 18., 18., 16., 15., 0., 0., 0. ]
      - [ 20., 5., 3., 2., 2., 1., 1., 1., 1., 1., 0., 1., 1., 1., 1.,
          1., 2., 3., 4., 12., 0., 16., 16., 17., 17., 18., 18., 18.,
          18., 18., 18., 18., 18., 18., 17., 17., 17., 16., 16., 14.,
          10., 5., 3., 2., 2., 1., 2., 2., 3., 4., 2., 1., 1., 1., 1.,
          1., 1., 3., 5., 20., 10., 15., 16., 17., 18., 18., 17., 17.,
          16., 15., 17., 18., 19., 19., 19., 18., 18., 16., 13., 0. ]
      - [ 20., 5., 4., 4., 3., 2., 2., 2., 2., 2., 2., 2., 3., 3., 3.,
          4., 6., 6., 20., 20., 0., 8., 17., 17., 17., 18., 18., 18.,
          18., 18., 18., 18., 17., 17., 16., 15., 13., 13., 0., 0., 20.,
          20., 5., 4., 2., 1., 1., 1., 1., 2., 2., 2., 4., 12., 12., 2.,
          2., 2., 5., 20., 0., 0., 11., 14., 15., 15., 17., 17., 17.,
          17., 17., 17., 17., 17., 15., 15., 14., 13., 11., 0. ]
      - [ 20., 12., 3., 3., 2., 2., 1., 1., 1., 1., 1., 1., 1., 1., 2.,
          2., 2., 3., 5., 20., 0., 15., 16., 17., 18., 18., 18., 18.,
          18., 18., 18., 18., 18., 18., 18., 17., 17., 16., 15., 0., 20.,
          6., 4., 2., 2., 2., 2., 2., 3., 4., 3., 2., 1., 1., 1., 1., 2.,
          3., 4., 20., 0., 13., 16., 17., 17., 18., 17., 17., 16., 15.,
          16., 17., 18., 18., 18., 18., 17., 16., 14., 0. ]
      - [ 13., 10., 2., 2., 1., 1., 0., 0., 0., 0., 0., 0., 0., 0., 0.,
          1., 1., 2., 4., 20., 13., 13., 15., 16., 17., 17., 17., 17.,
          17., 17., 17., 17., 17., 17., 17., 16., 16., 15., 14., 0., 6.,
          4., 2., 2., 2., 2., 3., 4., 4., 3., 1., 1., 1., 0., 2., 2., 3.,
          4., 20., 20., 14., 16., 17., 17., 18., 17., 17., 15., 14., 16.,
          18., 18., 18., 18., 18., 17., 16., 14., 0., 0. ]
      - [ 6., 5., 3., 3., 3., 2., 2., 2., 2., 2., 2., 2., 2., 2., 3., 4.,
          4., 5., 9., 20., 7., 9., 16., 17., 17., 18., 18., 18., 18.,
          18., 18., 18., 17., 17., 17., 17., 15., 14., 12., 0., 20., 20.,
          5., 2., 2., 1., 0., 0., 1., 1., 2., 3., 4., 13., 13., 2., 2.,
          3., 5., 20., 0., 0., 13., 14., 16., 17., 17., 17., 17., 18.,
          18., 18., 18., 17., 17., 16., 15., 15., 11., 0. ]
      - [ 20., 6., 4., 4., 3., 3., 3., 2., 3., 2., 3., 3., 3., 3., 4.,
          4., 5., 6., 20., 20., 0., 10., 16., 17., 17., 18., 18., 18.,
          19., 18., 18., 18., 18., 18., 18., 17., 16., 14., 0., 0., 20.,
          20., 7., 4., 2., 2., 1., 1., 1., 1., 1., 2., 4., 7., 13., 2.,
          2., 3., 5., 8., 0., 0., 9., 13., 15., 16., 17., 17., 17., 17.,
          17., 17., 17., 17., 17., 16., 16., 15., 14., 8. ]
      - [ 5., 4., 3., 2., 2., 2., 1., 1., 1., 1., 1., 1., 1., 2., 2., 3.,
          4., 5., 7., 20., 7., 15., 16., 17., 17., 18., 18., 18., 18.,
          18., 18., 18., 18., 18., 17., 17., 16., 15., 13., 0., 20., 6.,
          3., 2., 1., 0., 0., 0., 1., 1., 2., 3., 6., 13., 3., 1., 2.,
          3., 5., 20., 0., 12., 14., 15., 16., 17., 17., 18., 18., 18.,
          18., 18., 18., 18., 17., 17., 16., 15., 13., 0. ]
      - [ 20., 4., 3., 2., 2., 2., 1., 1., 1., 1., 1., 1., 2., 2., 2.,
          2., 4., 5., 7., 20., 0., 14., 16., 17., 17., 17., 17., 17.,
          18., 18., 17., 17., 17., 17., 16., 16., 15., 13., 11., 0., 20.,
          6., 3., 2., 1., 1., 1., 1., 1., 2., 2., 4., 13., 13., 1., 2.,
          2., 3., 8., 20., 0., 11., 15., 15., 16., 17., 17., 18., 18.,
          18., 18., 18., 17., 17., 16., 16., 15., 13., 9., 0. ]
      - [ 20., 4., 3., 2., 2., 1., 1., 1., 0., 0., 0., 1., 1., 1., 2.,
          2., 3., 5., 8., 20., 0., 8., 16., 16., 17., 17., 17., 17., 17.,
          17., 17., 17., 16., 16., 16., 16., 15., 14., 11., 0., 8., 5.,
          3., 2., 1., 1., 1., 1., 1., 2., 3., 4., 12., 4., 2., 2., 2.,
          4., 20., 20., 10., 13., 15., 16., 16., 17., 17., 17., 18., 18.,
          18., 18., 17., 17., 17., 16., 15., 11., 0., 0. ]
      - [ 20., 3., 2., 2., 1., 1., 0., 0., 0., 0., 0., 0., 0., 0., 1.,
          2., 2., 3., 5., 20., 0., 15., 15., 16., 16., 16., 17., 17.,
          17., 17., 17., 17., 17., 17., 16., 15., 15., 13., 11., 0., 6.,
          4., 2., 1., 1., 1., 1., 1., 2., 2., 3., 6., 12., 2., 1., 1.,
          3., 6., 20., 20., 13., 14., 16., 17., 17., 18., 18., 17., 18.,
          18., 17., 18., 17., 17., 16., 16., 14., 13., 0., 0. ]
      - [ 20., 2., 1., 0., 0., 0., 0., 0., 0., 0., 0., 0., 0., 0., 0.,
          1., 2., 3., 8., 20., 0., 6., 14., 14., 15., 15., 16., 16., 16.,
          16., 16., 16., 15., 15., 15., 14., 13., 12., 9., 0., 3., 2.,
          1., 1., 1., 1., 1., 2., 3., 4., 9., 13., 2., 2., 2., 4., 6.,
          20., 20., 20., 14., 15., 16., 17., 17., 17., 17., 17., 18.,
          18., 17., 17., 17., 16., 15., 14., 11., 0., 0., 0. ]
      - [ 4., 4., 3., 2., 1., 1., 1., 1., 1., 1., 1., 1., 1., 1., 1., 2.,
          3., 4., 6., 20., 6., 15., 16., 17., 17., 17., 17., 17., 18.,
          18., 17., 17., 17., 17., 16., 16., 15., 13., 13., 0., 20., 4.,
          3., 2., 0., 0., 0., 1., 1., 2., 2., 4., 13., 13., 1., 1., 2.,
          3., 8., 20., 0., 14., 15., 16., 17., 17., 18., 18., 18., 18.,
          18., 17., 18., 18., 16., 16., 15., 13., 9., 0. ]
      - [ 4., 2., 2., 0., 0., 0., 0., 0., 0., 0., 0., 0., 0., 0., 0., 1.,
          1., 3., 5., 20., 6., 14., 15., 16., 16., 16., 17., 17., 17.,
          17., 17., 16., 16., 16., 15., 15., 14., 13., 11., 0., 3., 3.,
          1., 1., 0., 0., 0., 1., 2., 3., 5., 13., 13., 1., 1., 2., 3.,
          6., 20., 20., 14., 16., 16., 17., 17., 18., 18., 18., 18., 18.,
          18., 18., 17., 17., 16., 15., 13., 10., 0., 0. ]
      - [ 20., 6., 5., 4., 4., 3., 3., 3., 3., 3., 3., 3., 3., 4., 4.,
          5., 6., 7., 10., 20., 0., 9., 17., 18., 18., 19., 19., 19.,
          19., 19., 19., 19., 19., 19., 18., 18., 17., 15., 12., 0., 20.,
          20., 20., 5., 3., 2., 1., 1., 1., 1., 2., 2., 3., 5., 13., 5.,
          2., 2., 3., 5., 0., 0., 0., 12., 14., 15., 16., 17., 17., 17.,
          18., 18., 18., 17., 17., 17., 16., 16., 15., 13. ]
      - [ 5., 4., 3., 1., 1., 1., 1., 1., 1., 1., 0., 1., 1., 1., 1., 2.,
          3., 3., 6., 20., 6., 15., 15., 16., 17., 17., 17., 17., 18.,
          17., 17., 17., 17., 17., 16., 15., 15., 13., 11., 0., 10., 3.,
          3., 2., 1., 0., 0., 1., 1., 2., 3., 5., 13., 12., 1., 1., 3.,
          4., 8., 20., 10., 14., 15., 17., 17., 17., 18., 18., 18., 18.,
          18., 18., 17., 17., 16., 16., 14., 13., 8., 0. ]
      - [ 6., 3., 3., 2., 2., 1., 1., 1., 0., 0., 1., 1., 1., 1., 2., 2.,
          3., 4., 5., 9., 8., 16., 17., 17., 18., 18., 18., 18., 18.,
          18., 18., 18., 18., 17., 17., 17., 16., 15., 13., 9., 8., 5.,
          3., 1., 1., 1., 0., 0., 0., 1., 2., 3., 5., 12., 2., 1., 1.,
          2., 4., 20., 9., 13., 15., 16., 17., 18., 18., 18., 18., 19.,
          18., 18., 18., 18., 17., 17., 16., 15., 12., 0. ]
      - [ 20., 2., 1., 0., 0., 0., 0., 0., 0., 0., 0., 0., 0., 0., 0.,
          0., 1., 3., 4., 20., 0., 13., 14., 15., 15., 15., 16., 16.,
          16., 16., 16., 16., 15., 15., 15., 14., 13., 12., 9., 0., 3.,
          2., 1., 1., 1., 1., 1., 2., 2., 4., 7., 13., 1., 1., 2., 3.,
          6., 20., 20., 20., 15., 16., 16., 17., 18., 18., 18., 18., 18.,
          18., 17., 17., 17., 16., 15., 14., 11., 0., 0., 0. ]
      - [ 20., 4., 2., 1., 1., 1., 0., 0., 0., 0., 0., 0., 0., 1., 1.,
          1., 3., 4., 7., 20., 0., 13., 15., 16., 16., 16., 16., 17.,
          16., 17., 16., 17., 16., 16., 15., 15., 14., 12., 10., 0., 6.,
          3., 2., 2., 1., 1., 1., 1., 2., 3., 5., 13., 12., 1., 2., 2.,
          3., 7., 20., 20., 12., 15., 15., 16., 17., 17., 17., 18., 18.,
          18., 18., 17., 17., 16., 16., 15., 13., 11., 0., 0. ]
      - [ 4., 3., 2., 2., 1., 1., 1., 1., 0., 1., 1., 1., 1., 1., 2., 2.,
          2., 3., 5., 20., 8., 16., 17., 18., 18., 18., 18., 18., 19.,
          18., 18., 18., 18., 18., 17., 17., 16., 14., 13., 0., 8., 4.,
          2., 1., 0., 0., 0., 0., 0., 1., 2., 3., 6., 13., 2., 1., 1.,
          2., 3., 8., 8., 13., 16., 17., 17., 18., 18., 18., 18., 18.,
          18., 18., 18., 18., 17., 16., 16., 15., 13., 8. ]
      - [ 5., 3., 2., 1., 0., 0., 0., 0., 0., 0., 0., 0., 0., 0., 0., 1.,
          2., 3., 5., 20., 5., 13., 14., 15., 16., 16., 17., 16., 17.,
          17., 17., 16., 16., 16., 15., 15., 14., 13., 10., 0., 4., 3.,
          2., 1., 1., 0., 1., 1., 2., 3., 5., 13., 12., 1., 2., 3., 4.,
          6., 20., 20., 14., 15., 16., 17., 17., 18., 18., 18., 18., 18.,
          18., 17., 17., 17., 16., 15., 13., 10., 0., 0. ]
      - [ 4., 1., 0., 0., 0., 0., 0., 0., 0., 0., 0., 0., 0., 0., 0., 0.,
          1., 2., 3., 20., 12., 14., 14., 15., 15., 15., 16., 16., 16.,
          16., 16., 16., 15., 15., 14., 14., 13., 12., 9., 0., 2., 1.,
          1., 1., 0., 0., 1., 2., 2., 4., 7., 13., 0., 1., 1., 3., 6.,
          20., 20., 20., 15., 16., 17., 18., 18., 18., 18., 18., 18.,
          18., 17., 17., 17., 16., 15., 13., 11., 0., 0., 0. ]
   decision_functions:
      -
         sv_count: 10
         rho: -1.3431708420360053e-02
         alpha: [ 4.6219256547350672e-04, 1.5855727453720407e-04,
             1.4599896085779152e-04, 1.0864656449766182e-04,
             1.3610399208714965e-04, -6.4579744225124272e-04,
             -2.1366144813421933e-05, -3.2016332968939530e-05,
             -2.9756197727764960e-04, -1.4757460142059847e-05 ]
         index: [ 1, 2, 4, 5, 6, 8, 9, 10, 11, 14 ]
      -
         sv_count: 8
         rho: -3.9013037830822345e-01
         alpha: [ 3.5078254103697921e-05, 3.1401234476275124e-04,
             3.7961575463466517e-06, 2.4366885170942060e-04,
             -1.8684284298296272e-05, -1.4895197172718014e-04,
             -3.9660182677735855e-04, -3.2317525319381354e-05 ]
         index: [ 0, 1, 2, 6, 21, 26, 30, 31 ]
      -
         sv_count: 8
         rho: -3.1243640857254346e-01
         alpha: [ 3.1077961963770970e-05, 2.5221847421463681e-04,
             1.5655804313045547e-05, 4.5046766971739771e-06,
             2.1424634418043583e-04, -3.6279172444014752e-05,
             -3.4269612936969950e-04, -1.3872795955534894e-04 ]
         index: [ 0, 1, 3, 5, 6, 38, 44, 48 ]
      -
         sv_count: 7
         rho: -2.5675564581014731e-01
         alpha: [ 1.3113990511447665e-04, 3.8541201542716504e-04,
             2.0467601094069701e-04, -3.7175128980531438e-04,
             -1.6725076783633295e-04, -1.2388450856237501e-04,
             -5.8341365278315898e-05 ]
         index: [ 0, 1, 6, 64, 66, 68, 72 ]
      -
         sv_count: 8
         rho: -2.4304433983130072e-01
         alpha: [ 1.7959776780434428e-05, 3.3130988289292290e-04,
             2.2129016229857187e-04, -1.5973897982585729e-05,
             -1.8168251333638887e-06, -4.2208957828565431e-05,
             -3.2711091994393231e-04, -1.8344922108348190e-04 ]
         index: [ 0, 1, 6, 75, 79, 88, 89, 98 ]
      -
         sv_count: 7
         rho: -2.1944295283458529e-01
         alpha: [ 6.1540894447554458e-05, 2.6493074848236373e-04,
             1.2939193457059089e-04, -1.1760911615914266e-05,
             -1.6885126487368534e-05, -2.9215763554625096e-04,
             -1.3505990385097552e-04 ]
         index: [ 0, 1, 6, 103, 105, 106, 114 ]
      -
         sv_count: 9
         rho: 5.9855327099219346e-01
         alpha: [ 3.2821661918540763e-04, 6.4390525573388032e-05,
             6.7918777479991123e-05, 2.9892747666995990e-04,
             -3.5282257032809397e-04, -2.3184439859950465e-04,
             -1.4430254887798914e-04, -2.0847360417499735e-05,
             -9.6365206856591978e-06 ]
         index: [ 1, 2, 5, 6, 120, 125, 128, 129, 135 ]
      -
         sv_count: 6
         rho: -1.7953879389308242e-01
         alpha: [ 4.5100972443140252e-05, 2.5532512352894937e-04,
             1.5311447045124649e-04, -2.0199403978669056e-04,
             -8.9332660686491984e-05, -1.6221386595015368e-04 ]
         index: [ 0, 1, 6, 137, 148, 153 ]
      -
         sv_count: 6
         rho: -1.5839909891158135e-01
         alpha: [ 3.9424109732669925e-05, 2.1343840117391780e-04,
             1.8153075561012241e-04, -2.1612538147567145e-04,
             -1.3447023029632658e-04, -8.3797654744712099e-05 ]
         index: [ 0, 1, 6, 157, 162, 165 ]
      -
         sv_count: 10
         rho: -5.6363132610454991e-01
         alpha: [ 3.8095521130824893e-06, 5.5179167689968034e-04,
             2.0123450570190093e-04, 8.6357697241393040e-05,
             -3.6282402088897194e-05, -2.0514212372361323e-04,
             -2.0668009223741683e-04, -1.3537110866260475e-04,
             -1.4375406448275616e-04, -1.1596364076076860e-04 ]
         index: [ 7, 12, 13, 15, 20, 25, 30, 31, 32, 34 ]
      -
         sv_count: 8
         rho: -1.3346314818860054e+00
         alpha: [ 7.3087166497519791e-05, 1.0055716107342124e-03,
             4.5545933901625047e-04, 1.6244811430410721e-04,
             -4.8947949300268731e-04, -1.2996586081857376e-04,
             -1.0390697072071116e-03, -3.8051169523716549e-05 ]
         index: [ 9, 12, 13, 15, 36, 40, 43, 44 ]
      -
         sv_count: 9
         rho: -7.9131808035898110e-01
         alpha: [ 2.8226895103830818e-04, 3.3159244292742132e-04,
             2.5614861231100766e-04, 3.5325439074652775e-04,
             8.9903827394808696e-05, -2.7908769267455510e-04,
             -3.2827164340521223e-04, -5.6557379292980221e-04,
             -1.4023509540850388e-04 ]
         index: [ 8, 12, 13, 14, 15, 64, 65, 66, 73 ]
      -
         sv_count: 7
         rho: -4.9006566316734135e-01
         alpha: [ 6.4228195741556802e-04, 3.2362449785941532e-04,
             1.7835985905477854e-04, -5.5831093665393130e-04,
             -8.7318744697117929e-05, -8.2230526368091668e-05,
             -4.1640610661062123e-04 ]
         index: [ 12, 13, 15, 77, 79, 89, 93 ]
      -
         sv_count: 8
         rho: -3.9588268335341997e-01
         alpha: [ 4.5525763650085331e-04, 9.6335419846522842e-05,
             2.2462226531598072e-04, 9.3767792654974110e-06,
             -3.6486913727690749e-05, -1.1679557940848959e-04,
             -2.8459294979081594e-04, -3.4771665800185816e-04 ]
         index: [ 12, 13, 14, 15, 104, 106, 112, 114 ]
      -
         sv_count: 10
         rho: 1.0855190810051110e+00
         alpha: [ 2.7138922916331726e-04, 3.2060717756574259e-04,
             6.3507878552529441e-04, 1.4091946009394375e-04,
             2.5115476445590347e-05, -6.6575726718336484e-04,
             -2.5722280946627822e-04, -2.6925870245707962e-04,
             -7.5771834667064892e-05, -1.2509951502010072e-04 ]
         index: [ 8, 9, 12, 13, 15, 125, 127, 128, 134, 135 ]
      -
         sv_count: 9
         rho: -6.7364743024251572e-01
         alpha: [ 1.7112589804641109e-05, 5.0793608537624076e-04,
             4.4029280093920299e-04, 3.3687795584075674e-05,
             2.6028593213559284e-05, -4.3383529827843817e-05,
             -6.8373103131096047e-05, -2.9288302498219320e-04,
             -6.2041820697658688e-04 ]
         index: [ 9, 12, 13, 14, 15, 137, 147, 148, 153 ]
      -
         sv_count: 6
         rho: -5.6671610000761174e-01
         alpha: [ 3.8320551534075538e-04, 2.9207303526518580e-04,
             3.1664374698027735e-04, 6.0067405536275526e-05,
             -4.7437638118725650e-04, -5.7761332193523730e-04 ]
         index: [ 12, 13, 14, 15, 157, 162 ]
      -
         sv_count: 15
         rho: -1.4353081879478788e+00
         alpha: [ 1.6250678277480129e-03, 2.5517372151675297e-03,
             2.3112470434555705e-03, 4.5677752913933735e-03,
             1.1805822177217379e-03, 1.4843601212961082e-03,
             -2.5661822183468057e-03, -1.1332037988399900e-03,
             -1.7912433867645679e-03, -6.6863943927408191e-04,
             -2.5024018659124889e-03, -6.6338105280454058e-04,
             -1.1102416631774978e-03, -1.5764114524736516e-03,
             -1.7090648391887117e-03 ]
         index: [ 16, 17, 20, 23, 24, 30, 37, 42, 44, 45, 47, 48, 50, 51,
             53 ]
      -
         sv_count: 12
         rho: -5.4396667619117489e-01
         alpha: [ 1.1368646611324435e-03, 9.5942765250476929e-04,
             5.7810323380202793e-04, 3.4731987141410013e-05,
             4.3745808632116533e-04, 1.0735266859279144e-04,
             -5.1482464249315632e-04, -7.6233626294309228e-04,
             -7.1875080784570850e-04, -2.2832700419913305e-04,
             -1.7671290041553931e-04, -8.5298667159797875e-04 ]
         index: [ 18, 24, 26, 28, 30, 33, 58, 61, 62, 64, 70, 74 ]
      -
         sv_count: 19
         rho: 1.4202677782646262e+00
         alpha: [ 1.1386416809578564e-03, 1.1567608575369559e-03,
             4.6718096272955796e-05, 1.2913388283942247e-03,
             1.1016572521348187e-03, 4.6620913499868669e-04,
             1.6890957507955317e-04, 1.2692091456013228e-04,
             7.9213518257313187e-04, -1.3263694507109818e-03,
             -3.9411699909763521e-05, -7.7114426478525500e-04,
             -3.7206691066881542e-04, -5.3087736790334800e-04,
             -5.5674868088473870e-04, -7.1204931884696665e-05,
             -1.3029753641621005e-03, -8.9143325762538995e-04,
             -4.2705959397322269e-04 ]
         index: [ 16, 18, 19, 20, 23, 24, 26, 27, 30, 79, 81, 82, 83, 85,
             86, 88, 91, 92, 96 ]
      -
         sv_count: 15
         rho: -1.7253117613129421e-02
         alpha: [ 7.7975050067365386e-05, 5.3860783591186292e-04,
             7.7093248956531212e-04, 5.9166662803442223e-04,
             6.4903550829000114e-05, 4.1772820989633237e-06,
             2.0528289712276040e-04, 2.4920832325923129e-04,
             3.9150234430037359e-04, 1.6272074407862135e-04,
             -1.3054442352356391e-03, -6.5113364746710047e-05,
             -3.7972350622856351e-04, -7.0785161068703350e-04,
             -5.9884442836996674e-04 ]
         index: [ 16, 18, 19, 20, 21, 22, 24, 29, 34, 35, 104, 105, 110,
             111, 112 ]
      -
         sv_count: 21
         rho: 2.6215616836163202e+00
         alpha: [ 9.9287871551947461e-05, 3.4025406972676062e-04,
             8.7702349999512603e-05, 4.1713673396636235e-05,
             3.2675537011103538e-04, 8.2412821129853765e-05,
             4.4227880489166970e-04, 3.1467543402575988e-04,
             -1.9570405903779190e-05, -2.5338741554095721e-04,
             -3.1214660073475682e-04, -1.0074816530991427e-04,
             -1.3828776342712839e-05, -3.8260862516897452e-05,
             -1.2090342839375279e-04, -5.1781628344708896e-05,
             -2.6261000040193834e-04, -8.2389073228626979e-05,
             -1.8437031931425825e-04, -2.1532422578607097e-04,
             -7.9759493014801679e-05 ]
         index: [ 18, 19, 21, 29, 30, 31, 34, 35, 118, 119, 120, 121,
             122, 124, 126, 128, 130, 131, 132, 134, 135 ]
      -
         sv_count: 19
         rho: -6.4016462552943276e-01
         alpha: [ 5.5358619356860516e-04, 3.9636669778608097e-04,
             1.1459683153935796e-03, 8.5672243199497948e-04,
             2.6995920180077353e-04, 1.1757701137793133e-03,
             8.1880129086151778e-04, 2.1373100176808046e-04,
             2.1591156353251864e-04, -3.3510908129475933e-04,
             -3.2441688339630972e-04, -1.3968420206495543e-03,
             -2.2315064555782164e-04, -5.9595725214527486e-04,
             -4.3474539225821307e-05, -6.5207558123695386e-04,
             -8.3093156914944896e-04, -6.7622070513521796e-04,
             -5.6863853269428549e-04 ]
         index: [ 16, 18, 19, 20, 21, 23, 24, 26, 27, 136, 140, 141, 143,
             145, 148, 150, 151, 153, 155 ]
      -
         sv_count: 15
         rho: 5.3722832212185712e-01
         alpha: [ 7.3992486838878871e-04, 2.0880587457513043e-03,
             3.1085270818884012e-04, 1.1922010992964729e-03,
             5.5360694087596188e-04, 2.6349838141478423e-04,
             3.8518240529979614e-04, -1.2712237806161703e-04,
             -1.8535633332728398e-04, -6.9008144858636250e-05,
             -2.2548815261529760e-03, -8.0062043301605849e-04,
             -8.1589768194994942e-04, -6.3803044512008027e-04,
             -6.4240820672934059e-04 ]
         index: [ 16, 18, 19, 20, 23, 24, 34, 157, 159, 161, 165, 168,
             169, 170, 172 ]
      -
         sv_count: 9
         rho: 4.5149298156696445e-02
         alpha: [ 2.6645413356823027e-04, 1.2877912685394068e-03,
             1.7619330517351932e-03, -5.8192839189554163e-04,
             -8.3205594720471977e-04, -5.8275015734439710e-04,
             -1.9553613101972166e-04, -4.6362992335697060e-04,
             -6.6027790302147999e-04 ]
         index: [ 42, 44, 47, 58, 59, 61, 62, 64, 74 ]
      -
         sv_count: 17
         rho: 3.2417771069319659e+00
         alpha: [ 2.0395470740243843e-03, 1.5350593224232765e-03,
             6.8211117086850370e-04, 1.7817592298906681e-03,
             1.7896342397365718e-04, 1.0120980361444346e-03,
             1.2557179359369867e-03, 1.0970542524174447e-03,
             -1.5802664163872362e-04, -2.9017719434619544e-03,
             -1.9298864261764264e-04, -1.8778752463194412e-03,
             -1.9292420633058771e-03, -1.4762827465144358e-03,
             -8.8357535227630247e-04, -9.3772776491881630e-06,
             -1.5317053189579032e-04 ]
         index: [ 37, 41, 42, 44, 47, 49, 52, 53, 77, 82, 83, 85, 91, 92,
             93, 96, 98 ]
      -
         sv_count: 11
         rho: 2.1626206227120581e-01
         alpha: [ 4.6431901527207574e-04, 8.4843175233590242e-04,
             1.4449256919004258e-05, 8.3292116314433314e-04,
             3.2803589180839738e-04, 1.7397313885880860e-04,
             -1.4307365523264892e-03, -3.9043349453975629e-05,
             -2.9392922331323998e-04, -6.3575588820660299e-04,
             -2.6266520503821328e-04 ]
         index: [ 41, 42, 44, 47, 52, 55, 104, 105, 110, 111, 112 ]
      -
         sv_count: 18
         rho: 2.9907423964408637e+00
         alpha: [ 1.0254488759491108e-04, 3.7042285804560459e-04,
             4.3800077103424591e-04, 7.3124386357294471e-06,
             2.5560016607275942e-04, 1.5364912083461250e-04,
             3.9936912113769092e-04, -1.2948695873638872e-05,
             -2.4688719444628605e-04, -8.0441728858219978e-05,
             -3.3986499183783181e-08, -5.2001828464211545e-04,
             -5.8464788774930254e-05, -3.4105575539158565e-04,
             -1.6944342967147285e-04, -7.3076138508336978e-05,
             -1.9103302580436376e-04, -3.3496334885419972e-05 ]
         index: [ 39, 42, 43, 44, 46, 47, 48, 117, 120, 121, 122, 125,
             128, 130, 132, 133, 134, 135 ]
      -
         sv_count: 13
         rho: 5.0264904262414656e-01
         alpha: [ 4.7296214060599609e-04, 9.4634875169610376e-04,
             1.2074532384086178e-03, 2.2257508126568943e-03,
             2.8338120835257757e-04, 1.3123364201870489e-03,
             -4.4290069401280288e-04, -1.9219590578189189e-03,
             -5.0694531744788088e-04, -7.9863113545183394e-04,
             -6.6744916818676386e-04, -5.8556152275738768e-04,
             -1.5247856762316521e-03 ]
         index: [ 36, 37, 41, 42, 44, 47, 136, 138, 140, 141, 145, 148,
             150 ]
      -
         sv_count: 13
         rho: 1.6478425878359313e+00
         alpha: [ 1.6980245588560201e-03, 2.0460543191876011e-03,
             5.9627555145305602e-04, 1.7761819818773381e-03,
             1.4140855858675705e-04, 1.0348160749790189e-04,
             -2.6673514830472134e-03, -6.2985978014004856e-04,
             -9.3217256093349485e-04, -1.3177336560784593e-04,
             -3.7704003174846823e-05, -6.6550847870352049e-04,
             -1.2970569058517031e-03 ]
         index: [ 37, 41, 44, 47, 54, 55, 157, 158, 163, 164, 165, 166,
             172 ]
      -
         sv_count: 15
         rho: 7.6370853624426860e-01
         alpha: [ 2.8425500377993440e-04, 4.0119124304312096e-04,
             4.5214711628376747e-04, 6.1231898805762285e-04,
             6.9584264658073287e-04, 4.7410752308486831e-04,
             8.1416230416016570e-04, -5.1667917076409647e-04,
             -1.2090973224375681e-03, -1.9705877277593237e-04,
             -2.8545543771670451e-05, -7.3090961800619783e-04,
             -7.8623941353603055e-05, -2.5672889855494785e-04,
             -7.1638155732619624e-04 ]
         index: [ 56, 58, 59, 61, 62, 64, 70, 77, 80, 81, 87, 88, 90, 91,
             93 ]
      -
         sv_count: 13
         rho: 5.1533860410005405e-01
         alpha: [ 4.5063331445316054e-04, 8.9414012789475108e-05,
             2.5117748146715781e-04, 5.7610696305501567e-04,
             9.7066041088225891e-04, 1.8321575521509473e-04,
             1.2044025862074857e-04, 9.3758328523314914e-04,
             -3.0220076966328891e-04, -3.1775280790881795e-04,
             -8.2777438260510871e-04, -8.5082726071351877e-04,
             -1.2806762608253263e-03 ]
         index: [ 57, 58, 60, 62, 63, 68, 69, 70, 100, 104, 106, 110,
             114 ]
      -
         sv_count: 13
         rho: 1.8725416102517258e+00
         alpha: [ 1.6087004773052298e-04, 2.7032345416674577e-05,
             1.6498799859065858e-04, 1.9194130686042929e-04,
             1.4440130282199765e-04, 5.9185397503560153e-06,
             5.2614449254149878e-04, -1.3608564851622614e-04,
             -1.3235064379392289e-04, -3.0835469350723303e-04,
             -3.3150998838910305e-04, -2.9785181159994290e-05,
             -2.8320987834565861e-04 ]
         index: [ 61, 62, 64, 67, 70, 71, 73, 118, 123, 125, 128, 132,
             135 ]
      -
         sv_count: 9
         rho: -4.7729249962638814e-01
         alpha: [ 1.3123990163029771e-03, 4.1884064512698446e-04,
             8.4809683032456692e-05, 2.5322240166193938e-04,
             2.4493670884182658e-03, -2.8522863945125653e-03,
             -6.5141477575127757e-04, -2.7990957606266264e-04,
             -7.3502808821611983e-04 ]
         index: [ 57, 61, 62, 70, 74, 136, 137, 139, 153 ]
      -
         sv_count: 8
         rho: 3.8145042979365273e-01
         alpha: [ 5.3544147511177024e-04, 2.4552342368075740e-04,
             5.4986590694144715e-04, 4.1406758169612666e-04,
             1.4706624579080892e-03, -3.4185887072307026e-04,
             -1.1814253579087797e-03, -1.6922766167063402e-03 ]
         index: [ 58, 59, 61, 62, 74, 157, 165, 172 ]
      -
         sv_count: 18
         rho: 1.1337608743456502e-01
         alpha: [ 1.0198436675867113e-03, 3.3082052043260932e-03,
             1.1309038644077571e-03, 6.6974137503364217e-05,
             6.0889250225645155e-05, 1.7043852157501904e-05,
             2.7480186831061403e-03, 5.5094834752956589e-04,
             5.7734369775143087e-04, -3.2726559552165280e-04,
             -4.7320848617242391e-04, -9.9701928682484407e-04,
             -4.1292908794070878e-03, -2.2108176286211260e-04,
             -6.2251820664632025e-04, -2.8783434022207664e-04,
             -2.3069048968272568e-03, -1.1504725011043539e-04 ]
         index: [ 77, 80, 81, 83, 88, 89, 94, 95, 97, 99, 102, 103, 104,
             105, 110, 112, 114, 115 ]
      -
         sv_count: 20
         rho: 1.9630996978291388e+00
         alpha: [ 1.0837623993125018e-04, 7.8746761046383026e-05,
             5.6197291188033779e-05, 4.5355977704592156e-04,
             2.0659177722146021e-04, 7.9929353219277598e-05,
             2.9198419294851786e-04, 1.2810211318158046e-04,
             1.1026322562613468e-05, 4.6743512261304355e-05,
             1.1506165552315127e-04, -4.1228386300043480e-05,
             -6.9821696692139678e-04, -1.1915714103961556e-04,
             -2.1678911867272787e-04, -1.0966543136668094e-04,
             -6.0687549869701275e-05, -1.3325997952254705e-04,
             -1.2867570684739198e-04, -6.8638715589389165e-05 ]
         index: [ 75, 76, 78, 80, 83, 84, 89, 92, 93, 94, 97, 119, 120,
             121, 126, 130, 131, 132, 134, 135 ]
      -
         sv_count: 20
         rho: -1.8172570970176085e+00
         alpha: [ 1.0327127514164920e-03, 2.1660024050665092e-03,
             1.1079514780191976e-03, 2.5688373084200512e-03,
             2.9629486748087831e-04, 1.7904145442168686e-03,
             2.0317957544574178e-03, 9.5795500123514114e-04,
             -3.1571863818549673e-04, -1.3700002699696401e-04,
             -9.0099434979689806e-04, -9.0129550602045100e-04,
             -1.7322004350565760e-04, -7.3744014609803809e-04,
             -2.3211292342236603e-03, -1.0988877057866016e-04,
             -1.0764205514966958e-03, -4.1436303296727399e-04,
             -3.3599069681162588e-03, -1.5045868423265011e-03 ]
         index: [ 77, 79, 80, 86, 89, 91, 94, 97, 137, 140, 141, 142,
             143, 145, 148, 149, 150, 151, 153, 154 ]
      -
         sv_count: 18
         rho: -2.7677427061795115e+00
         alpha: [ 1.7050047957487733e-03, 1.9430601750033871e-04,
             2.5696749418997120e-03, 7.3103856851690357e-05,
             7.3994098604068966e-04, 1.3095107433575054e-03,
             1.0166212901895164e-03, 9.7474130968893161e-04,
             4.5089853554034255e-03, 2.1115348532940628e-04,
             -4.6083591235309524e-04, -2.2817739623537548e-03,
             -1.1517295681748975e-03, -9.1718002443186460e-04,
             -3.0267777674702662e-03, -2.9151394088036345e-04,
             -7.4435031944598330e-04, -4.4288812868997730e-03 ]
         index: [ 77, 78, 79, 81, 83, 85, 91, 93, 94, 97, 157, 158, 159,
             162, 165, 167, 168, 169 ]
      -
         sv_count: 14
         rho: 2.0690515112861911e+00
         alpha: [ 1.0285122101321657e-05, 1.3789871779222945e-04,
             2.8227147808725404e-04, 3.5198689731617209e-04,
             3.9676947239953614e-05, 2.0648752312418599e-04,
             4.2602486578093647e-04, -1.5066551334311660e-05,
             -1.3900694571214879e-04, -2.8859740462880515e-04,
             -3.5821109770180784e-04, -3.7478076490017799e-04,
             -1.0670920509579533e-04, -1.7225958206900670e-04 ]
         index: [ 101, 104, 105, 106, 109, 112, 113, 117, 118, 120, 121,
             128, 130, 131 ]
      -
         sv_count: 14
         rho: -2.5745608035370373e+00
         alpha: [ 8.7853609036279701e-03, 5.9268187490441673e-03,
             2.8430487817150073e-03, 6.9770927933979791e-03,
             2.1288066766887311e-03, 3.0652244062776687e-03,
             -8.2286140128702053e-03, -5.3758091800915921e-04,
             -1.4803797763209550e-03, -3.7141702180648203e-03,
             -4.5496651077221290e-05, -1.1968055190388542e-03,
             -1.4444261107640965e-02, -7.9044107729334294e-05 ]
         index: [ 104, 105, 107, 111, 112, 113, 137, 138, 139, 140, 141,
             144, 146, 152 ]
      -
         sv_count: 10
         rho: -2.7626365715339507e-01
         alpha: [ 2.7538902804973188e-05, 2.5081828144646384e-03,
             1.0667998764957694e-03, 1.1292060290806033e-04,
             1.9216294930495209e-03, 1.6057232034535748e-03,
             -2.9666485547454207e-03, -7.0624875402901547e-04,
             -1.4059546153366018e-03, -2.1639429690655009e-03 ]
         index: [ 100, 104, 108, 110, 112, 113, 160, 165, 167, 168 ]
      -
         sv_count: 15
         rho: -2.5442200191250182e+00
         alpha: [ 2.1288308079755531e-05, 2.5042226856607772e-04,
             1.1348843549908704e-04, 3.3710038125619362e-04,
             3.2186829836327631e-04, 1.4237267560653869e-04,
             2.9442578241960883e-04, 7.1803351886256506e-05,
             9.2793554456058856e-05, -6.1672870225166121e-04,
             -2.0403671628741032e-04, -1.8798240471120111e-04,
             -6.5105259710447759e-06, -4.0691275092874464e-04,
             -2.2339195598279111e-04 ]
         index: [ 116, 119, 120, 121, 128, 130, 131, 133, 135, 137, 138,
             144, 146, 148, 153 ]
      -
         sv_count: 15
         rho: -2.2463784485092848e+00
         alpha: [ 2.3919410162690860e-04, 3.6338812647887727e-05,
             4.3636068925704603e-04, 9.7586053752044411e-05,
             6.8928453829217556e-06, 6.2471577610463967e-05,
             6.7348724718926511e-04, 2.5869264612848125e-05,
             2.1049768007607754e-05, 1.5143611115416056e-05,
             -2.3385418347542737e-04, -6.8730723355405076e-05,
             -6.9115519558418767e-04, -2.9877154065400928e-04,
             -3.2188232813338023e-04 ]
         index: [ 117, 118, 119, 120, 125, 126, 131, 132, 134, 135, 157,
             159, 162, 165, 171 ]
      -
         sv_count: 11
         rho: 2.5907403351861706e+00
         alpha: [ 3.1658482013831096e-03, 4.3243664811770075e-04,
             7.4525564583604225e-03, 1.6126318606747337e-03,
             8.4406157384127982e-03, 2.7855776238607580e-02,
             -3.6127294089788281e-03, -2.5162842493288286e-02,
             -7.8734477167352983e-03, -7.5238589339444223e-03,
             -4.7869865926094789e-03 ]
         index: [ 138, 140, 141, 143, 148, 153, 156, 157, 159, 162, 167 ]
